LOC	Chromosome	Start	End	gene.features.locus	Genes	S1	S2	S8	S9	S11	S4	S5	S6	S7	S10	S12	V7
XLOC_000001	chr1	11873	29370	chr1:11873-29370	DDX11L1	0.167751	0.199951	0.0779174	0.190873	0.0773154	0.10452	0.0488422	0.0840655	0.0383534	0.151837	0.0836381	+
XLOC_000002	chr1	11873	29370	chr1:11873-29370	WASH7P	0	1.19772	0.761541	0.850472	1.21268	3.24382	0.0722865	0.661038	0.870927	0.58226	1.23834	+
XLOC_000003	chr1	30365	30503	chr1:30365-30503	MIR1302-10	0	0	0	0	0	0	0	0	0	0	0	+
XLOC_000004	chr1	69090	70008	chr1:69090-70008	OR4F5	0	0	0	0	0	0	0	0	0	0	0	+
XLOC_000005	chr1	323891	328581	chr1:323891-328581	LOC100132062,LOC100133331	0.0363166	0.0449181	0	0.0583464	0.0861039	0.0201765	0	0.0377682	0.162019	0.0643269	0	+
XLOC_000006	chr1	367658	368597	chr1:367658-368597	OR4F16	0	0	0	0	0	0	0	0	0	0	0	+
XLOC_000007	chr1	667777	669456	chr1:667777-669456	NA	0	0.154191	0	0.195866	0.546934	0.128956	0	0.452831	0.0402291	0.0568783	0.705799	+
XLOC_000008	chr1	669991	672520	chr1:669991-672520	NA	0	0.0932958	0.0495458	0.276764	0.531547	0.0794018	0	0.0564703	0.0229736	0.07123	0	+
XLOC_000009	chr1	678725	762902	chr1:678725-762902	NA	0.0553334	1.05898	0.0889092	0.70932	0.854137	0.58153	0.101669	0.826298	0.583781	0.87011	1.03115	+
XLOC_000010	chr1	678725	762902	chr1:678725-762902	FAM87B	0.924777	0.304355	0.0646672	0.445587	0.442466	0.217417	0	2.14263	0.307781	0.558172	0.91979	+
XLOC_000011	chr1	762970	812182	chr1:762970-812182	LINC01128	4.4942	2.45154	4.12622	0.917036	5.77739	27.594	2.20327	5.46071	29.4251	1.64819	4.29996	+
XLOC_000012	chr1	861120	894798	chr1:861120-894798	SAMD11	0.507893	1.15338	0.0851271	0	0.130713	0.0112842	0.0253451	0.187728	0.031734	0.143367	0.110232	+
XLOC_000013	chr1	895962	901099	chr1:895962-901099	KLHL17	0.5074	2.29744	1.37969	1.30081	2.38463	2.73785	0.620149	0.991934	1.59654	0.749686	2.53965	+
XLOC_000014	chr1	901876	910484	chr1:901876-910484	PLEKHN1	0.113704	0.0328734	0	0.213236	0.278248	0.0973584	0.429387	0.331597	0.105294	0.121417	0.145016	+
XLOC_000015	chr1	948846	949919	chr1:948846-949919	ISG15	288.016	13.9091	52.1174	10.053	34.2127	13.2366	90.5326	18.1795	24.6225	6.08532	19.7878	+
XLOC_000016	chr1	955502	991499	chr1:955502-991499	AGRN	1.02476	1.94915	1.06108	1.41379	1.31375	0.750311	0.26983	1.32418	0.896746	0.160838	0.440622	+
XLOC_000017	chr1	999876	1004420	chr1:999876-1004420	NA	0.353697	1.0722	0.11094	1.51213	2.44111	1.25483	0.0684079	1.30876	1.98276	0.537384	7.56436	+
XLOC_000018	chr1	1072396	1079434	chr1:1072396-1079434	LINC01342	0	0.605941	0.0764898	0.92673	0	0.0840365	0.047414	0	0.225262	0.438725	0.524795	+
XLOC_000019	chr1	1102483	1102578	chr1:1102483-1102578	MIR200B	0	0	0	0	0	0	0	0	0	0	0	+
XLOC_000020	chr1	1103242	1103332	chr1:1103242-1103332	MIR200A	0	0	0	0	0	0	0	0	0	0	0	+
XLOC_000021	chr1	1104384	1104467	chr1:1104384-1104467	MIR429	0	0	0	0	0	0	0	0	0	0	0	+
XLOC_000022	chr1	1109285	1133313	chr1:1109285-1133313	TTLL10	0	0.0329677	0	0	0	0.0522502	0	0.103261	0.0337832	0	0	+
XLOC_000023	chr1	1146705	1167483	chr1:1146705-1167483	NA	0	0.516592	0	0	2.30673	0.277816	0.0817288	1.15603	0.365741	0.220148	0.19376	+
XLOC_000024	chr1	1146705	1167483	chr1:1146705-1167483	SDF4	0.532277	2.30391	1.94171	4.70215	6.49556	4.28009	0.215293	3.41299	3.39368	3.48569	5.49379	+
XLOC_000025	chr1	1167628	1170420	chr1:1167628-1170420	B3GALT6	6.65148	3.1673	7.07168	5.65822	2.64798	1.79829	7.84928	2.93791	2.80665	5.59812	6.7396	+
XLOC_000026	chr1	1188387	1209234	chr1:1188387-1209234	UBE2J2	0.041518	2.12316	0.53157	1.69668	3.42648	1.31682	0.145838	1.92468	0.764292	1.60668	3.80027	+
XLOC_000027	chr1	1209394	1215597	chr1:1209394-1215597	NA	0.111905	1.38902	0.433299	1.55819	1.44123	0.791604	0.0876622	1.76726	0.730476	0.756791	1.20055	+
XLOC_000028	chr1	1215710	1227409	chr1:1215710-1227409	SCNN1D	0.150385	0.966234	0.343048	1.77205	2.28564	1.80833	0.221253	2.42822	1.1823	1.20208	2.30537	+
XLOC_000029	chr1	1243677	1284821	chr1:1243677-1284821	PUSL1	5.99916	3.01903	4.77025	2.27006	2.5357	2.0886	3.9594	5.46007	3.12123	3.21033	3.37968	+
XLOC_000030	chr1	1243677	1284821	chr1:1243677-1284821	CPTP,TAS1R3	19.6136	3.39272	11.6044	3.8577	10.499	8.3362	27.8459	2.16696	5.74041	7.64844	5.42853	+
XLOC_000031	chr1	1321090	1346244	chr1:1321090-1346244	LOC148413	5.64493	5.05043	6.09372	4.23644	4.72553	5.88005	7.20326	4.89629	4.63704	5.47458	6.24969	+
XLOC_000032	chr1	1361507	1363167	chr1:1361507-1363167	TMEM88B	0	0	0	0	0	0	0	0	0	0	0	+
XLOC_000033	chr1	1370902	1378262	chr1:1370902-1378262	VWA1	0	0	0.0533674	0	0	0	0.0154242	0	0	0	0	+
XLOC_000034	chr1	1385068	1405852	chr1:1385068-1405852	ATAD3C	3.52582	0.666248	0.113963	1.26593	1.3303	0.19155	3.73289	0.613312	0.359986	0.446949	0.661147	+
XLOC_000035	chr1	1407132	1431811	chr1:1407132-1431811	ATAD3B	1.93227	10.7486	5.80584	10.8112	13.3154	11.6666	1.62903	17.2753	13.3139	8.05484	19.1431	+
XLOC_000036	chr1	1447522	1470067	chr1:1447522-1470067	ATAD3A	9.41426	3.58636	13.1549	4.16754	4.54811	5.05732	5.90838	4.70489	6.39324	3.47861	6.69589	+
XLOC_000037	chr1	1548029	1570030	chr1:1548029-1570030	MIB2,MMP23A,MMP23B	5.57857	7.05233	4.99706	9.8076	11.4621	10.4026	4.00552	8.87645	9.57054	7.40921	12.8689	+
XLOC_000038	chr1	1570602	1681354	chr1:1570602-1681354	MMP23A	0.193602	2.30316	0.524248	1.35448	4.83606	2.7998	0.119623	2.86974	1.40985	1.02475	7.3742	+
XLOC_000039	chr1	1570602	1681354	chr1:1570602-1681354	MMP23A	0	0	0	0	0	0	0	0	0	0	0	+
XLOC_000040	chr1	1844821	1848733	chr1:1844821-1848733	CALML6	0	0.27089	0	0.140869	0.217828	0.587409	0.057512	0.178226	0.200755	0.196696	0.0672598	+
XLOC_000041	chr1	1950767	1962192	chr1:1950767-1962192	GABRD	0	0	0	0	0	0	0.105965	0	0.0426457	0	0	+
XLOC_000042	chr1	1979999	2144159	chr1:1979999-2144159	PRKCZ	11.9921	4.7115	4.56956	6.02806	6.62635	6.70386	13.1002	6.10732	13.3646	7.20472	9.18709	+
XLOC_000043	chr1	2159478	2246245	chr1:2159478-2246245	SKI	10.797	21.0979	10.1194	20.087	23.6562	13.9869	10.3387	35.1391	22.9035	25.0415	31.3556	+
XLOC_000044	chr1	2246398	2251741	chr1:2246398-2251741	NA	0	0.214123	0	0.449209	0.432718	0.420117	0.0985674	0.418368	0.474418	0.601977	1.11177	+
XLOC_000045	chr1	2251884	2344010	chr1:2251884-2344010	RER1	49.4868	14.5088	34.987	19.501	17.1101	18.2158	33.3572	7.70873	20.5042	18.4675	17.0379	+
XLOC_000046	chr1	2347350	2458067	chr1:2347350-2458067	PLCH2	0.246705	6.05001	1.18781	7.77133	2.18866	1.94892	0.736891	3.20215	1.31321	10.3469	16.6072	+
XLOC_000047	chr1	2477687	2516624	chr1:2477687-2516624	LOC100996583,TNFRSF14	75.687	14.8746	45.172	11.12	19.3181	24.3154	51.0917	22.2312	22.8771	12.4366	21.5463	+
XLOC_000048	chr1	2516844	2564481	chr1:2516844-2564481	FAM213B	11.8225	3.50255	9.79226	2.53173	2.29432	3.49437	8.3286	2.37636	2.57962	2.53025	2.11354	+
XLOC_000049	chr1	2938045	2939467	chr1:2938045-2939467	ACTRT2	0	0	0	0	0	0	0	0	0	0	0	+
XLOC_000050	chr1	2976180	3355185	chr1:2976180-3355185	PRDM16	0.0473146	0.125508	0.0124425	0.716043	10.5051	0.0529306	0	0	2.52299	0.252313	0.0297119	+
XLOC_000051	chr1	2976180	3355185	chr1:2976180-3355185	MIR4251	0	0	0	0	0	0	0	0	0	0	0	+
XLOC_000052	chr1	3371146	3397677	chr1:3371146-3397677	ARHGEF16	0	0.0223946	0	0	0	0.0251812	0.02079	0	0	0	0	+
XLOC_000053	chr1	3541555	3547001	chr1:3541555-3547001	TPRG1L	42.4235	13.3485	30.327	12.8796	13.2876	18.1145	33.1436	14.2346	18.0083	11.0326	11.7605	+
XLOC_000054	chr1	3569128	3663937	chr1:3569128-3663937	TP73	0.711318	0.188245	0.180022	0.246875	0.165994	0.388796	1.52131	2.68524	0.66659	0.318071	0.944511	+
XLOC_000055	chr1	3668964	3688209	chr1:3668964-3688209	CCDC27	0	0	0	0	0	0.0155363	0	0	0	0	0	+
XLOC_000056	chr1	3689292	3694074	chr1:3689292-3694074	SMIM1	0.137084	1.65305	39.9703	0.413526	0.279982	0.663087	2.25958	1.08818	0.587154	0.695737	1.00281	+
XLOC_000057	chr1	3773830	3802543	chr1:3773830-3802543	DFFB	2.43835	3.64805	3.18008	4.10286	2.54561	2.78037	3.26164	1.02378	4.73168	4.49022	3.88707	+
XLOC_000058	chr1	3816967	3832769	chr1:3816967-3832769	LINC01134	0.148165	0.143792	0.0642034	0.740729	0.240952	0.0230194	0.0581202	0.225826	0.0750708	0.281484	0.0518328	+
XLOC_000059	chr1	4000671	4012643	chr1:4000671-4012643	LINC01346	0	0	0	0	0	0	0	0	0	0	0	+
XLOC_000060	chr1	4472110	4484744	chr1:4472110-4484744	LOC284661	0	0	0	0	0	0	0	0	0	0	0	+
XLOC_000061	chr1	4663768	4669067	chr1:4663768-4669067	NA	0.498004	0	2.40666	0	0	0.351358	0.404304	0	0.173837	0	0	+
XLOC_000062	chr1	4715104	4843851	chr1:4715104-4843851	AJAP1	0	0.123076	0	0	0	0.0302715	0	0	0	0	0	+
XLOC_000063	chr1	5624130	5624203	chr1:5624130-5624203	MIR4417	0	0	0	0	0	0	0	0	0	0	0	+
XLOC_000064	chr1	5922731	6161624	chr1:5922731-6161624	KCNAB2	22.729	20.1278	47.0322	13.3312	16.839	28.8496	29.1641	33.1151	21.7991	17.5014	16.1482	+
XLOC_000065	chr1	6266188	6296045	chr1:6266188-6296045	RNF207	0.100323	0.556031	0	0.264546	0.246921	0.217408	0.0369146	0.362519	0.177924	0.150002	0.064623	+
XLOC_000066	chr1	6296299	6299502	chr1:6296299-6299502	LINC00337	0	0	0	0.0585739	0.0710616	0.0508409	0.229816	0	0	0.0954057	0	+
XLOC_000067	chr1	6304251	6305638	chr1:6304251-6305638	HES3	0	0	0	0	0	0	0	0	0	0	0	+
XLOC_000068	chr1	6484847	6580121	chr1:6484847-6580121	ESPN	0	0	7.42047	0.0294724	0	0.0116127	0.0542783	0.104367	0	0.0410837	0	+
XLOC_000069	chr1	6615337	6639817	chr1:6615337-6639817	TAS1R1	0	0.136988	0	0	0.198947	0.04894	0	0	0	0.188947	0.268044	+
XLOC_000070	chr1	6639884	6673508	chr1:6639884-6673508	ZBTB48	9.91247	6.25346	7.45503	5.61734	12.7305	8.26526	9.86573	8.79427	10.8351	7.63183	15.3949	+
XLOC_000071	chr1	6673755	6684093	chr1:6673755-6684093	PHF13	8.33063	4.71269	5.05276	2.87631	3.01593	4.86826	6.70208	4.43188	6.10968	4.94719	4.87973	+
XLOC_000072	chr1	6684924	6761966	chr1:6684924-6761966	THAP3	15.4448	2.09481	8.72147	1.75512	1.61958	3.02621	10.7904	1.29843	3.58183	2.89711	2.01481	+
XLOC_000073	chr1	6784804	6790072	chr1:6784804-6790072	LOC100505887	0	0	0	0	0	0	0	0	0	0	0	+
XLOC_000074	chr1	6845367	7829766	chr1:6845367-7829766	CAMTA1	40.7346	8.71681	22.1016	11.2367	22.2147	16.8231	23.6131	9.20829	25.9955	16.2265	16.5335	+
XLOC_000075	chr1	7831328	7841641	chr1:7831328-7841641	VAMP3	39.7772	15.2171	53.9391	9.28341	8.77023	25.6146	43.1581	11.7345	21.3349	13.2821	12.4831	+
XLOC_000076	chr1	7844331	7973637	chr1:7844331-7973637	PER3	0.289122	2.65446	1.65794	2.26316	4.58489	2.57543	0.676045	3.40841	0.872515	5.99433	2.18777	+
XLOC_000077	chr1	8021713	8045342	chr1:8021713-8045342	PARK7	296.011	35.9821	175.446	43.971	68.0746	84.8119	214.802	44.4923	115.394	55.9967	47.0347	+
XLOC_000078	chr1	8268731	8275268	chr1:8268731-8275268	LOC102724539	0	0	0	0	0	0	0	0	0	0	0	+
XLOC_000079	chr1	8378144	8404227	chr1:8378144-8404227	SLC45A1	0	0.0342888	0.0479096	0	0.0669506	0.0177359	0.180073	0	0.0677723	0	0.139937	+
XLOC_000080	chr1	8412319	8877780	chr1:8412319-8877780	RERE	0.0806159	4.49284	0.0211343	2.79183	3.58547	0.220219	0.0614368	2.14028	0.096748	2.41976	3.53792	+
XLOC_000081	chr1	8412319	8877780	chr1:8412319-8877780	LOC102724552	0	0.849068	0.375113	0.648541	0.479919	0.713735	0	0	0.512653	0	2.14633	+
XLOC_000082	chr1	8921058	8942162	chr1:8921058-8942162	ENO1-AS1	1.3534	1.0877	0	0.191979	0.032743	0.233104	1.0814	0.799159	0.245008	0.334565	0.734203	+
XLOC_000083	chr1	9005892	9035148	chr1:9005892-9035148	CA6	0	0	0.162086	0.356476	0	0.0439152	0.0816765	0	0.116013	0	0	+
XLOC_000084	chr1	9294760	9331676	chr1:9294760-9331676	H6PD	3.28328	9.60884	9.20105	9.49848	9.02089	9.2607	3.96224	6.47924	8.27356	11.8199	8.69825	+
XLOC_000085	chr1	9352940	9429590	chr1:9352940-9429590	SPSB1	0.478382	0.23789	0.866608	0.0917401	0	0.166083	0.996418	0.692778	0.264964	0.119827	0	+
XLOC_000086	chr1	9599480	9645548	chr1:9599480-9645548	SLC25A33	5.6917	3.06931	6.90601	2.53616	4.48476	5.51136	5.32712	6.73489	5.4127	3.40141	4.85724	+
XLOC_000087	chr1	9648822	9676149	chr1:9648822-9676149	TMEM201	0.68835	1.96453	2.42839	1.29589	3.54571	1.88439	0.787853	3.07202	3.14023	1.00228	2.53099	+
XLOC_000088	chr1	9687227	9884584	chr1:9687227-9884584	PIK3CD	17.5264	24.323	35.8984	19.0157	20.3116	41.4032	29.5019	19.4854	33.3781	18.9573	24.3035	+
XLOC_000089	chr1	9982230	10048598	chr1:9982230-10048598	NMNAT1	4.0035	1.65261	2.5234	1.55621	0.832984	1.16157	4.56608	1.01884	1.52973	2.63138	1.97547	+
XLOC_000090	chr1	9982230	10048598	chr1:9982230-10048598	MIR5697	0	0	0	0	0	0	0	0	0	0	0	+
XLOC_000091	chr1	10057254	10076078	chr1:10057254-10076078	RBP7	6.97168	7.13465	10.8451	0	0	8.1923	13.3719	1.0573	4.80951	0	0.344063	+
XLOC_000092	chr1	10092876	10241313	chr1:10092876-10241313	UBE4B	9.43926	13.1066	9.93709	13.492	16.1724	13.3534	8.4211	12.8904	11.7083	13.5122	15.6743	+
XLOC_000093	chr1	10270566	10441978	chr1:10270566-10441978	KIF1B	2.01279	4.25353	4.46253	1.63936	3.39939	2.76753	2.99576	4.24336	3.16661	4.31661	3.60068	+
XLOC_000094	chr1	10270566	10441978	chr1:10270566-10441978	RNU6-2	0	0	0	0	0	0	0	0	0	0	0	+
XLOC_000095	chr1	10459048	10480568	chr1:10459048-10480568	PGD	86.213	18.3282	278.522	12.2336	8.23424	23.8982	69.5838	8.45555	24.1636	8.49952	7.54073	+
XLOC_000096	chr1	10490158	10512417	chr1:10490158-10512417	APITD1,APITD1-CORT,CORT	2.49376	1.16514	3.82216	1.48228	0.656533	1.19175	1.28296	0.633448	2.16331	2.04836	1.59986	+
XLOC_000097	chr1	10534911	10693688	chr1:10534911-10693688	PEX14	9.13255	4.33108	6.12677	5.36514	8.41727	6.43794	9.70134	10.2856	5.47853	5.99909	8.35792	+
XLOC_000098	chr1	11072070	11107296	chr1:11072070-11107296	TARDBP	26.0701	54.0519	31.257	55.8396	35.4931	72.92	34.7785	38.4745	41.9728	50.2654	33.0038	+
XLOC_000099	chr1	11166587	11322608	chr1:11166587-11322608	MTOR-AS1	0	0.191637	0.205422	0	0	0.0909313	0	0.679449	0.317555	0.210284	0	+
XLOC_000100	chr1	11166587	11322608	chr1:11166587-11322608	ANGPTL7	0	0.24153	0	0.257424	0.764366	0.0287071	0	0.703575	0	0.124614	0.67866	+
XLOC_000101	chr1	11333227	11432887	chr1:11333227-11432887	UBIAD1	15.612	6.4774	8.55433	6.17382	8.49442	6.6637	16.4104	8.32855	7.30679	12.0419	10.3205	+
XLOC_000102	chr1	11539294	11597640	chr1:11539294-11597640	PTCHD2	0	0.0788312	0	0	0.217183	0.182382	0.0140474	0.0517048	0.0479427	0.0454797	0.0960101	+
XLOC_000103	chr1	11669587	11673411	chr1:11669587-11673411	LOC101929181	0	0	0	0	0	0	0	0	0.0434559	0	0	+
XLOC_000104	chr1	11708417	11723606	chr1:11708417-11723606	FBXO44	14.6131	5.98503	4.84324	5.38739	9.30446	12.0033	6.68002	5.79875	9.04933	7.41641	12.799	+
XLOC_000105	chr1	11724149	11751678	chr1:11724149-11751678	FBXO6	33.9197	3.06972	14.8431	4.11692	3.28091	3.97616	16.8239	1.59249	8.6259	3.66205	3.7838	+
XLOC_000106	chr1	11751780	11780336	chr1:11751780-11780336	DRAXIN	0.267893	0.32051	0.0593051	0.157098	0	0.17176	0.142887	0.0644577	0.200612	0.42985	0	+
XLOC_000107	chr1	11795879	11814823	chr1:11795879-11814823	AGTRAP	57.8251	9.19436	158.183	2.25776	2.72548	17.1867	46.7556	3.44157	13.0001	3.85307	4.52736	+
XLOC_000108	chr1	11822249	11912145	chr1:11822249-11912145	C1orf167	0	0	0	0	0	0.021645	0	0	0	0	0	+
XLOC_000109	chr1	11822249	11912145	chr1:11822249-11912145	CLCN6,NPPA-AS1	3.78876	10.5361	2.86923	9.66669	13.5443	16.0399	2.53898	9.56165	11.7317	11.5024	8.595	+
XLOC_000110	chr1	11994723	12035599	chr1:11994723-12035599	PLOD1	10.3325	3.06984	17.4331	1.17803	1.27647	3.68937	9.4139	1.65653	4.38301	1.31179	0.447054	+
XLOC_000111	chr1	12040091	12073854	chr1:12040091-12073854	MFN2	18.49	9.54022	31.8877	10.4814	8.69604	15.6857	20.2299	12.1029	13.6719	10.2399	9.63254	+
XLOC_000112	chr1	12079298	12092106	chr1:12079298-12092106	MIIP	22.9656	10.0614	38.2787	11.1474	16.8925	17.5962	20.5133	11.0021	14.0067	12.9208	22.2189	+
XLOC_000113	chr1	12079298	12092106	chr1:12079298-12092106	MIR6729	0	0	0	0	0	0	0	0	0	0	0	+
XLOC_000114	chr1	12123433	12204767	chr1:12123433-12204767	TNFRSF8	6.30131	0.490173	0.949016	0.190461	0	0.542957	1.58848	1.45967	0.34702	0.254083	0.387234	+
XLOC_000115	chr1	12226367	12277997	chr1:12226367-12277997	MIR7846,TNFRSF1B	294.296	54.1028	64.8107	30.808	39.4697	75.4112	211.126	164.172	62.2634	47.1089	67.5445	+
XLOC_000116	chr1	12226367	12277997	chr1:12226367-12277997	MIR4632	0	0	0	0	0	0	0	0	0	0	0	+
XLOC_000117	chr1	12290069	12572098	chr1:12290069-12572098	SNORA59A,VPS13D	3.17835	9.0234	3.3056	10.4253	9.84009	7.27103	3.04606	12.9726	6.2274	11.3494	9.39729	+
XLOC_000118	chr1	12704565	12727097	chr1:12704565-12727097	AADACL4	0	0	0	0	0	0	0	0	0	0	0	+
XLOC_000119	chr1	12776117	12788726	chr1:12776117-12788726	AADACL3	0	0	0	0	0	0	0	0	0	0	0	+
XLOC_000120	chr1	12806133	12821102	chr1:12806133-12821102	C1orf158	0	0	0	0	0	0	0	0	0	0	0	+
XLOC_000121	chr1	12834990	12838048	chr1:12834990-12838048	PRAMEF12	0	0	0	0	0	0	0	0	0	0	0	+
XLOC_000122	chr1	12851545	12856777	chr1:12851545-12856777	PRAMEF1	0	0	0	0	0	0	0	0	0	0	0	+
XLOC_000123	chr1	12916940	12921764	chr1:12916940-12921764	PRAMEF2	0	0	0	0	0	0	0	0	0	0	0	+
XLOC_000124	chr1	12976466	12980300	chr1:12976466-12980300	PRAMEF7	0	0	0	0	0	0	0	0	0	0	0	+
XLOC_000125	chr1	13035498	13039011	chr1:13035498-13039011	LOC391003	0	0	0	0	0	0	0	0	0	0	0	+
XLOC_000126	chr1	13194517	13199727	chr1:13194517-13199727	LOC645354	0	0	0	0	0	0	0	0	0	0	0	+
XLOC_000127	chr1	13328195	13698405	chr1:13328195-13698405	LOC101929983,PRAMEF5	0	0	0	0	0	0	0	0	0	0	0	+
XLOC_000128	chr1	13328195	13698405	chr1:13328195-13698405	PRAMEF10	0	0	0	0	0	0	0	0	0	0	0	+
XLOC_000129	chr1	13328195	13698405	chr1:13328195-13698405	LOC101929983,PRAMEF15	0	0	0	0	0	0	0	0	0	0	0	+
XLOC_000130	chr1	13328195	13698405	chr1:13328195-13698405	PRAMEF16	0	0	0	0	0	0	0	0	0	0	0	+
XLOC_000131	chr1	13328195	13698405	chr1:13328195-13698405	PRAMEF20	0	0	0	0	0	0	0	0	0	0	0	+
XLOC_000132	chr1	13328195	13698405	chr1:13328195-13698405	PRAMEF10	0	0	0	0	0	0	0	0	0	0	0	+
XLOC_000133	chr1	13328195	13698405	chr1:13328195-13698405	LOC101929983,PRAMEF15	0	0	0	0	0	0	0	0	0	0	0	+
XLOC_000134	chr1	13716091	13719089	chr1:13716091-13719089	PRAMEF17	0	0	0	0	0	0	0	0	0	0	0	+
XLOC_000135	chr1	13736906	13747803	chr1:13736906-13747803	PRAMEF20	0	0	0	0	0	0	0	0	0	0	0	+
XLOC_000136	chr1	13910251	13944452	chr1:13910251-13944452	PDPN	2.41949	0.494731	0.0874363	1.11328	0.196297	0.0183781	0.106461	0	0.127971	0.0355386	0.0452937	+
XLOC_000137	chr1	14022458	14153717	chr1:14022458-14153717	PRDM2	14.0901	65.6235	16.2567	56.0075	131.448	71.2004	17.5417	118.696	53.4785	46.7653	81.3428	+
XLOC_000138	chr1	14925212	15478960	chr1:14925212-15478960	KAZN	0.0387196	0.728982	0.511166	0	0	0.0366454	0	0.0685596	0.0716414	0	0	+
XLOC_000139	chr1	15479027	15546974	chr1:15479027-15546974	TMEM51	0.206154	0.0369008	0.680015	0	0	0.213784	0.630849	0.0625297	0.066529	0	0	+
XLOC_000140	chr1	15573767	15724622	chr1:15573767-15724622	FHAD1	0.01908	0.0277031	0	0	0	0.0512397	0.0586379	0	0.0407086	0.0102636	0	+
XLOC_000141	chr1	15736390	15756839	chr1:15736390-15756839	EFHD2	64.738	50.8906	107.726	20.1533	26.1015	71.1286	64.2427	55.7998	54.1593	19.2311	18.381	+
XLOC_000142	chr1	15764937	15773153	chr1:15764937-15773153	CTRC	0	0.111499	0	0	0	0.412083	0	0.181335	0.0978906	0	0	+
XLOC_000143	chr1	15783222	15798586	chr1:15783222-15798586	CELA2A	0	0	0	0	0	0	0	0	0	0	0	+
XLOC_000144	chr1	15802595	15851285	chr1:15802595-15851285	CELA2B	0	0	0	0	0	0.0550173	0	0	0	0	0	+
XLOC_000145	chr1	15853307	15911605	chr1:15853307-15911605	DNAJC16	2.93285	6.03997	2.72787	9.79188	6.85616	5.78828	3.08715	4.11746	5.90568	8.54201	5.83132	+
XLOC_000146	chr1	15943923	15996088	chr1:15943923-15996088	DDI2,RSC1A1	3.74864	10.1561	6.20596	12.671	10.4624	6.29302	7.0177	9.85394	7.59218	12.0571	11.0841	+
XLOC_000147	chr1	16010647	16067887	chr1:16010647-16067887	PLEKHM2,SLC25A34	22.4139	16.4019	18.9195	17.3249	23.0758	21.1552	13.2585	27.3456	26.2686	13.0612	21.5881	+
XLOC_000148	chr1	16068986	16074292	chr1:16068986-16074292	TMEM82	0	0	0	0	0	0	0	0	0	0	0	+
XLOC_000149	chr1	16085254	16113084	chr1:16085254-16113084	FBLIM1	0.17903	0.220468	0	0.0310644	0.428511	0.0146618	0	0	0.0503298	0.0960437	0.138422	+
XLOC_000150	chr1	16160709	16302735	chr1:16160709-16302735	SPEN	2.86631	23.8021	7.03853	21.7789	50.561	16.9427	3.7655	26.0834	38.8773	22.5261	23.2886	+
XLOC_000151	chr1	16160709	16302735	chr1:16160709-16302735	MIR5096	0	996.91	0	0	0	0	0	2639.13	0	0	1663.84	+
XLOC_000152	chr1	16330730	16333190	chr1:16330730-16333190	C1orf64	0	0	0	0	0	0.0526043	0	0	0	0	0	+
XLOC_000153	chr1	16348485	16360545	chr1:16348485-16360545	CLCNKA	0	0.0668944	0	0.0411858	0.392253	0.192417	0	0	0.149998	0.0313588	0.177821	+
XLOC_000154	chr1	16370230	16383821	chr1:16370230-16383821	CLCNKB	0	0	0.0469325	0	0	0	0	0	0.0334528	0	0	+
XLOC_000155	chr1	16693524	16724643	chr1:16693524-16724643	SZRD1	101.288	20.5488	56.7212	22.0345	28.5591	43.9554	62.9784	22.8728	48.4235	22.9971	24.3634	+
XLOC_000156	chr1	16767071	16825744	chr1:16767071-16825744	NECAP2	102.173	13.3936	42.3927	16.4575	13.3022	17.5545	73.0804	9.77985	23.1773	17.054	16.178	+
XLOC_000157	chr1	16865218	16866530	chr1:16865218-16866530	FAM231B	0	0.0977624	0	0	0	0.0303941	0.168008	0.0818649	0.0423762	0.561905	0	+
XLOC_000158	chr1	16875408	16875482	chr1:16875408-16875482	MIR3675	0	0	0	0	0	0	0	0	0	0	0	+
XLOC_000159	chr1	16943615	16977016	chr1:16943615-16977016	MST1P2	0	1.76506	0.173761	0.683233	0.810612	1.96281	0.164476	0.819877	1.23584	1.37128	0.446322	+
XLOC_000160	chr1	16999497	17000152	chr1:16999497-17000152	FAM231C	0	0	0	0	0	0	0	0	0	0	0	+
XLOC_000161	chr1	17007749	17007823	chr1:17007749-17007823	MIR3675	0	0	0	0	0	0	0	0	0	0	0	+
XLOC_000162	chr1	17240565	17308081	chr1:17240565-17308081	CROCC	1.54745	4.63346	1.61618	3.59944	5.52194	6.15524	1.23692	2.57112	6.26892	5.82038	6.69254	+
XLOC_000163	chr1	17531620	17572501	chr1:17531620-17572501	PADI1	0	0	0	0	0	0	0	0	0	0	0	+
XLOC_000164	chr1	17575592	17610727	chr1:17575592-17610727	PADI3	0	0	0	0	0	0	0.0233226	0	0	0	0	+
XLOC_000165	chr1	17575592	17610727	chr1:17575592-17610727	MIR3972	0	0	0	0	0	0	0	0	0	0	0	+
XLOC_000166	chr1	17634682	17690495	chr1:17634682-17690495	PADI4	4.99704	3.23296	181.943	0.538803	0	2.94445	7.09223	0.523003	3.20469	0.322455	0	+
XLOC_000167	chr1	17698690	17728195	chr1:17698690-17728195	PADI6	0	0.0558393	0	0	0	0	0	0	0.0241285	0	0	+
XLOC_000168	chr1	17866211	18024412	chr1:17866211-18024412	ARHGEF10L	1.80334	3.23037	1.07118	0.350437	0.624067	5.7361	3.98462	3.25288	4.42487	1.60336	4.19849	+
XLOC_000169	chr1	18081807	18153558	chr1:18081807-18153558	ACTL8	0	0	0	0	0	0	0	0	0	0	0	+
XLOC_000170	chr1	18392150	18400905	chr1:18392150-18400905	LOC101927876	0	0	0	0	0	0	0	0	0	0	0	+
XLOC_000171	chr1	18434239	18704977	chr1:18434239-18704977	IGSF21	0	0	0.118865	0	0	0	0	0	0	0	0	+
XLOC_000172	chr1	18807423	18812480	chr1:18807423-18812480	KLHDC7A	0	0	0	0	0	0.0144205	0.0128223	0	0	0	0	+
XLOC_000173	chr1	18957499	19075360	chr1:18957499-19075360	PAX7	0	0	0	0	0.061148	0	0	0	0	0	0	+
XLOC_000174	chr1	19400619	19590668	chr1:19400619-19590668	MRTO4	13.0528	2.16508	10.3026	2.31647	2.14442	4.22318	11.3326	1.83233	3.89929	3.76253	3.64706	+
XLOC_000175	chr1	19638699	19814348	chr1:19638699-19814348	PQLC2	8.18919	3.95609	6.95396	3.48657	5.83579	4.01851	6.00085	4.03486	4.47425	3.44685	4.78335	+
XLOC_000176	chr1	19923470	19984949	chr1:19923470-19984949	MINOS1,MINOS1-NBL1,NBL1	14.4866	4.19827	9.41562	3.02673	6.16882	5.00285	12.486	8.0682	6.37561	3.90598	3.88184	+
XLOC_000177	chr1	19923470	19984949	chr1:19923470-19984949	RPS14P3	0.494364	1.72673	0.949416	1.17012	2.94791	1.9047	0.121105	2.65999	0.983806	1.41629	1.88246	+
XLOC_000178	chr1	19991779	20126944	chr1:19991779-20126944	HTR6	0	0.295457	0.0390133	0.532804	0.508445	0.204007	0.337397	0.635978	0.0312356	0.556123	0.931267	+
XLOC_000179	chr1	20208855	20239440	chr1:20208855-20239440	OTUD3	0.424808	3.90673	1.49256	4.45963	3.76121	4.19023	0.738274	3.95118	3.02129	5.0804	3.21081	+
XLOC_000180	chr1	20396700	20418394	chr1:20396700-20418394	PLA2G5	0	0	0	0	0.129266	0	0	0	0	0	0	+
XLOC_000181	chr1	20465822	20476879	chr1:20465822-20476879	PLA2G2F	0	0	0	0	0	0	0	0.311761	0	0.0207987	0	+
XLOC_000182	chr1	20510735	20522541	chr1:20510735-20522541	UBXN10	1.37268	0.690999	1.31675	0.876313	0.275555	0.149413	1.53045	1.85524	0.92671	0.339603	0	+
XLOC_000183	chr1	20617411	20681387	chr1:20617411-20681387	VWA5B1	0	0	0	0	0	0	0.0142157	0	0	0	0	+
XLOC_000184	chr1	20878931	20881513	chr1:20878931-20881513	FAM43B	0	0	0	0	0	0	0	0	0	0	0	+
XLOC_000185	chr1	20915440	20945400	chr1:20915440-20945400	CDA	10.7256	7.48118	126.974	0.40029	0	7.71143	10.7949	7.2635	5.08086	0.215282	0	+
XLOC_000186	chr1	20959858	20988037	chr1:20959858-20988037	MIR6084,PINK1	10.8346	4.2527	19.1952	1.96359	4.4149	3.48716	9.28492	6.21334	5.61893	3.31992	5.49022	+
XLOC_000187	chr1	21543739	21672034	chr1:21543739-21672034	LOC100506801	0.636905	0.78825	0.345422	1.07364	1.3968	0.872339	1.6348	1.53069	0.519062	1.36026	2.48318	+
XLOC_000188	chr1	21766422	21811393	chr1:21766422-21811393	NBPF3	0	5.02949	1.20743	0.368875	0.133588	2.10763	1.65803	0.369303	1.74712	4.62383	1.99686	+
XLOC_000189	chr1	21835857	21904905	chr1:21835857-21904905	ALPL	2.10585	1.83125	5.17467	0.148613	0	1.93814	0.168866	2.8025	6.4362	0	0	+
XLOC_000190	chr1	22138757	22263790	chr1:22138757-22263790	LDLRAD2	0.592057	0.275164	0.198397	1.74488	0.167961	2.13954	0.269795	0.363231	0.812456	2.89628	2.58891	+
XLOC_000191	chr1	22138757	22263790	chr1:22138757-22263790	HSPG2	0.197168	0.165102	0.0931453	1.3257	0.824619	1.02721	0.478653	1.20125	0.0375437	2.06311	1.04032	+
XLOC_000192	chr1	22303417	22315847	chr1:22303417-22315847	CELA3B	0	0	0	0	0	0	0	0	0	0	0	+
XLOC_000193	chr1	22328148	22339035	chr1:22328148-22339035	CELA3A	0	0	0	0	0	0	0	0	0	0	0	+
XLOC_000194	chr1	22350486	22357717	chr1:22350486-22357717	LINC00339	3.06798	7.31833	6.7897	19.7749	7.16233	10.8927	9.64082	20.6783	10.6443	20.6747	12.9885	+
XLOC_000195	chr1	22378660	22420780	chr1:22378660-22420780	CDC42	130.25	129.8	136.056	124.462	91.4978	197.02	198.652	96.395	188.605	117.039	91.117	+
XLOC_000196	chr1	22592731	22592793	chr1:22592731-22592793	MIR4418	0	0	0	0	0	0	0	0	0	0	0	+
XLOC_000197	chr1	22778337	22857650	chr1:22778337-22857650	ZBTB40	3.65575	14.041	4.88021	11.9824	14.9454	17.6182	2.81942	6.47568	13.0469	11.411	14.2872	+
XLOC_000198	chr1	22890003	22930087	chr1:22890003-22930087	EPHA8	0	0.0288906	0	0	0	0	0	0.224448	0	0	0	+
XLOC_000199	chr1	22963117	22966175	chr1:22963117-22966175	C1QA	12.1406	0.813715	3.88424	0	0.130583	0.627581	2.62552	0.218168	0.551944	0.128605	0.137864	+
XLOC_000200	chr1	22970117	22974603	chr1:22970117-22974603	C1QC	0.239356	0.277587	2.42661	0	0	0.118337	0.0657133	0	0.148268	0	0	+
XLOC_000201	chr1	22979681	22988029	chr1:22979681-22988029	C1QB	3.63459	0.161302	3.20542	0	0	0.520303	0.805954	0	0.364638	0.0793625	0	+
XLOC_000202	chr1	23037330	23247993	chr1:23037330-23247993	EPHB2	0.239085	0.176329	0.0793401	0	0	0.136547	0.0816383	0	0.0599378	0.0057701	0	+
XLOC_000203	chr1	23037330	23247993	chr1:23037330-23247993	MIR4684	0	0	0	0	0	0	0	0	0	0	0	+
XLOC_000204	chr1	23345897	23495351	chr1:23345897-23495351	KDM1A	8.41199	11.2771	11.0786	10.9183	7.3584	10.7341	13.557	6.16195	12.5805	9.95476	8.92107	+
XLOC_000205	chr1	23345897	23495351	chr1:23345897-23495351	MIR3115	0	0	0	0	0	0	0	0	0	0	0	+
XLOC_000206	chr1	23684981	23698330	chr1:23684981-23698330	ZNF436-AS1	0.139691	1.04997	0.26563	0.539178	0.336539	0.377163	0.0617965	1.22919	0.470951	1.82553	0.167726	+
XLOC_000207	chr1	23832835	23857819	chr1:23832835-23857819	LOC101928163	0	0.0617361	0.097582	0	0	0	0	0	0	0	0.0973104	+
XLOC_000208	chr1	23952879	23973256	chr1:23952879-23973256	MDS2	1.799	4.47855	0.478515	1.0455	0.199273	2.09238	6.50453	0.506698	2.21101	5.94284	2.44208	+
XLOC_000209	chr1	24018268	24029938	chr1:24018268-24029938	RPL11	3763	661.49	1840.86	785.383	1078.69	2053.79	3402.55	1249.77	1575.41	746.17	1174.08	+
XLOC_000210	chr1	24069656	24104810	chr1:24069656-24104810	TCEB3	8.82252	4.56315	8.07654	6.9701	6.03713	8.01672	7.84843	4.99136	4.79824	8.43454	4.70463	+
XLOC_000211	chr1	24104866	24116327	chr1:24104866-24116327	PITHD1	11.9074	10.1518	26.7092	15.4505	9.30206	26.3699	17.0071	20.7561	23.4136	15.1021	13.0426	+
XLOC_000212	chr1	24117019	24127294	chr1:24117019-24127294	LYPLA2	58.9636	11.8607	50.5448	12.7347	11.788	12.6551	52.4221	11.0747	16.3428	14.2516	13.7751	+
XLOC_000213	chr1	24255559	24255637	chr1:24255559-24255637	MIR378F	0	0	0	0	0	0	0	0	0	0	0	+
XLOC_000214	chr1	24285306	24306953	chr1:24285306-24306953	PNRC2	82.8496	47.2947	62.1043	85.0047	63.2417	101.072	145.689	90.1231	52.5497	59.1117	56.0454	+
XLOC_000215	chr1	24526729	24538180	chr1:24526729-24538180	LOC284632	0	0	0	0	0	0	0	0	0	0	0	+
XLOC_000216	chr1	24645811	24741587	chr1:24645811-24741587	GRHL3	0	0.0256396	0	0	0	0	0	0	0	0	0	+
XLOC_000217	chr1	24742244	24803323	chr1:24742244-24803323	NIPAL3	3.71088	9.55738	6.40851	7.25223	6.63697	7.31037	11.8302	4.96741	7.09611	10.9512	8.33495	+
XLOC_000218	chr1	24822822	24882515	chr1:24822822-24882515	RCAN3	5.23185	16.295	5.27487	10.0689	3.52366	11.7772	13.0046	8.30913	6.80346	12.3433	5.38384	+
XLOC_000219	chr1	24882566	24935818	chr1:24882566-24935818	NCMAP	0	0.053616	0	0	0.0226504	0	0	0	0	0.059457	0.0261602	+
XLOC_000220	chr1	24969593	25001728	chr1:24969593-25001728	SRRM1	4.94453	26.7333	8.94562	25.5445	26.7656	30.1111	5.693	30.9087	20.1828	26.1077	20.9645	+
XLOC_000221	chr1	25071759	25170815	chr1:25071759-25170815	CLIC4	48.0609	27.2388	18.7286	20.5297	15.0401	12.616	51.7343	9.72348	32.4	27.4928	21.847	+
XLOC_000222	chr1	25224883	25291660	chr1:25224883-25291660	RUNX3	0.0518572	0.209894	0.0427851	0.608695	0.33746	0.572538	0.166672	0.0819782	0.624396	0	0.152045	+
XLOC_000223	chr1	25349173	25353427	chr1:25349173-25353427	MIR4425	0	0.0140045	0	0.0181223	0.195292	0.027483	0.0334614	1.36785	0.111008	0	0	+
XLOC_000224	chr1	25562863	25747363	chr1:25562863-25747363	RHD,TMEM50A	95.9577	18.7348	105.788	20.5021	19.5109	36.5997	106.343	21.6422	27.5406	23.1553	21.6184	+
XLOC_000225	chr1	25757348	25827284	chr1:25757348-25827284	TMEM57	7.06124	8.1389	8.97951	9.33156	10.0023	9.97449	10.5452	19.0886	5.28682	6.63926	7.10359	+
XLOC_000226	chr1	25870074	25918204	chr1:25870074-25918204	LDLRAP1	28.1336	10.5226	16.3976	10.3088	6.18935	10.2899	37.9996	7.33851	7.28181	13.5029	8.20385	+
XLOC_000227	chr1	25943517	26113704	chr1:25943517-26113704	MAN1C1	1.01749	3.46957	0.880809	0.235823	0.240918	1.18037	1.11	1.89433	0.508597	1.22607	0.217943	+
XLOC_000228	chr1	26126666	26145567	chr1:26126666-26145567	SEPN1	5.18018	5.96301	9.5201	3.3653	5.02769	6.50086	3.70582	7.49934	4.43175	2.78684	6.37705	+
XLOC_000229	chr1	26146396	26185949	chr1:26146396-26185949	MTFR1L	19.5373	7.39046	14.513	6.32125	7.18785	9.18864	18.2137	4.57126	11.6612	4.89606	4.63611	+
XLOC_000230	chr1	26348270	26362954	chr1:26348270-26362954	EXTL1	0	0	0	0	0	0	0	0	0	0	0	+
XLOC_000231	chr1	26437655	26452039	chr1:26437655-26452039	PDIK1L	1.38497	3.06961	3.4948	3.92136	3.72869	3.69435	1.5926	1.5443	1.71047	3.19041	2.45011	+
XLOC_000232	chr1	26485510	26489119	chr1:26485510-26489119	FAM110D	0	0	0.35479	0	0	0	0	0	0	0	0	+
XLOC_000233	chr1	26496358	26498213	chr1:26496358-26498213	ZNF593	18.5275	0.939702	15.0527	3.92653	4.71448	6.62797	27.8317	11.9645	6.79585	5.57417	22.6652	+
XLOC_000234	chr1	26503980	26516376	chr1:26503980-26516376	CNKSR1	0.279604	0.278033	0.200102	0.194394	0	0.21378	0.0736492	0.0813781	0.200465	0.418221	0.0462188	+
XLOC_000235	chr1	26517118	26529033	chr1:26517118-26529033	CATSPER4	0	0	0	0	0	0	0	0	0	0	0	+
XLOC_000236	chr1	26551810	26556331	chr1:26551810-26556331	LOC101928303	0	0	0.108445	0	0	0.0828912	0	0	0.0639655	0.0708828	0.116225	+
XLOC_000237	chr1	26560643	26608015	chr1:26560643-26608015	CEP85,SH3BGRL3	429.828	65.3204	300.21	59.5509	65.8532	149.697	381.858	112.598	146.827	49.5912	53.1206	+
XLOC_000238	chr1	26608772	26647014	chr1:26608772-26647014	CD52	7223.47	422.341	1527.08	633.433	1406.86	1028.56	4774.77	547.659	1253.03	604.924	838.154	+
XLOC_000239	chr1	26737268	26756219	chr1:26737268-26756219	LIN28A	0	0.157619	0.0300108	0.222107	0.0922272	0.100618	0	0.156383	0.0423916	0.172573	0.0794481	+
XLOC_000240	chr1	26758772	26805017	chr1:26758772-26805017	DHDDS,HMGN2	157.257	85.6125	432.67	81.7726	74.3405	144.975	195.944	84.203	144.447	109.897	81.6582	+
XLOC_000241	chr1	26856248	26901520	chr1:26856248-26901520	RPS6KA1	52.579	15.5399	64.9358	18.154	11.6472	19.0455	61.8385	12.7081	20.3214	14.7212	12.3453	+
XLOC_000242	chr1	26856248	26901520	chr1:26856248-26901520	MIR1976	0	0	0	0	0	0	0	0	0	0	0	+
XLOC_000243	chr1	27022011	27108601	chr1:27022011-27108601	ARID1A	5.58594	22.7057	12.1971	31.2704	28.545	21.3671	7.0818	20.1927	24.7332	24.2689	23.3791	+
XLOC_000244	chr1	27112894	27184016	chr1:27112894-27184016	PIGV,ZDHHC18	25.8072	12.2701	36.5534	9.78119	13.7711	20.995	22.547	23.8629	27.2507	10.8896	12.4959	+
XLOC_000245	chr1	27189632	27190947	chr1:27189632-27190947	SFN	1.0623	0	0	0.225307	0.224008	0.475386	0.0554722	0.638964	0.624256	0.165146	0.117967	+
XLOC_000246	chr1	27248212	27274206	chr1:27248212-27274206	NUDC	40.6089	6.72878	26.9909	10.4231	9.23912	15.9927	32.5325	14.254	16.8133	10.2174	9.60471	+
XLOC_000247	chr1	27320194	27327377	chr1:27320194-27327377	TRNP1	0.405509	0.310136	0.0658797	0	0	0.0789287	0.131326	0	0.0431183	0	0	+
XLOC_000248	chr1	27561006	27642850	chr1:27561006-27642850	WDTC1	28.0384	12.7922	30.7962	14.3257	15.3531	12.4569	18.7133	12.9583	19.6267	16.3577	14.3725	+
XLOC_000249	chr1	27648635	27662914	chr1:27648635-27662914	ACTG1P20,TMEM222	36.4974	9.66728	24.0861	10.1576	13.4392	17.1199	22.7744	13.2614	15.6117	9.09655	14.8762	+
XLOC_000250	chr1	27667332	27680423	chr1:27667332-27680423	SYTL1	88.7198	45.4169	82.4867	59.3115	105.197	51.4015	81.6654	44.4014	68.0915	45.1955	50.3441	+
XLOC_000251	chr1	27681123	27693357	chr1:27681123-27693357	MAP3K6	0	0.550763	0	0.0777792	0.0999816	0	0.0638979	0.0999768	0	0	0.108136	+
XLOC_000252	chr1	27719147	27817077	chr1:27719147-27817077	GPR3	0.0720397	0.970287	0.156684	1.67564	1.01994	1.49858	0.0901768	1.82024	1.98686	1.42571	2.3022	+
XLOC_000253	chr1	27841662	27930644	chr1:27841662-27930644	AHDC1	0.123989	0.259311	0.109159	0.584293	0.999557	0.581082	0.136966	1.44434	0.184017	0.387851	2.12148	+
XLOC_000254	chr1	28052462	28089623	chr1:28052462-28089623	FAM76A	1.59727	4.59663	1.50772	4.4804	4.17131	4.49951	1.27078	4.30289	5.71236	5.32143	3.21018	+
XLOC_000255	chr1	28099554	28151733	chr1:28099554-28151733	STX12	24.1022	12.608	12.2356	10.5047	9.53658	17.8028	17.9479	18.3611	16.1821	10.7542	7.73001	+
XLOC_000256	chr1	28157251	28178672	chr1:28157251-28178672	PPP1R8	33.4276	6.18304	24.4019	8.2817	8.40535	17.6354	34.5021	7.75377	12.4699	12.2486	6.41687	+
XLOC_000257	chr1	28157251	28178672	chr1:28157251-28178672	SCARNA1	0	0	0	0	0	0	0	0	0	0	0	+
XLOC_000258	chr1	28199006	28241504	chr1:28199006-28241504	THEMIS2	124.394	36.7679	43.9867	28.187	72.0953	50.2418	105.25	108.88	70.991	15.6304	21.7084	+
XLOC_000259	chr1	28261465	28285668	chr1:28261465-28285668	SMPDL3B	0.0747548	0.127669	1.26663	0	0	0.0250135	0.0441829	0.120386	0.0380053	0	0	+
XLOC_000260	chr1	28285972	28296092	chr1:28285972-28296092	XKR8	7.78216	3.66594	10.0096	1.88212	1.37368	1.95435	11.7751	1.58986	3.76056	2.67171	2.98849	+
XLOC_000261	chr1	28561653	28574191	chr1:28561653-28574191	ATPIF1	120.374	30.5484	178.417	40.9546	71.7861	76.4314	141.37	46.4814	92.2174	47.4497	72.7037	+
XLOC_000262	chr1	28585962	28609002	chr1:28585962-28609002	SESN2	8.57792	0.710309	5.39135	0.680099	2.61849	1.55276	5.16717	4.6509	1.59443	0.707308	0.630195	+
XLOC_000263	chr1	28655512	28663100	chr1:28655512-28663100	MED18	5.41545	1.67591	5.37059	4.61461	1.25963	3.10873	8.97176	5.03051	1.43912	5.2805	2.49821	+
XLOC_000264	chr1	28695980	28826881	chr1:28695980-28826881	PHACTR4	3.57038	8.70361	3.29585	6.04554	6.87048	9.78344	4.37998	8.00109	7.95527	6.67987	5.83915	+
XLOC_000265	chr1	28832454	28866056	chr1:28832454-28866056	RCC1,SNHG3,SNORA73B	33.3539	78.8693	27.8436	16.7499	15.6827	58.9419	14.9709	967.558	28.9982	20.3493	264.609	+
XLOC_000266	chr1	28879510	28908414	chr1:28879510-28908414	TRNAU1AP	10.6463	3.75231	14.7089	4.40427	5.24959	6.1997	11.2875	6.4662	5.93087	5.13377	5.4903	+
XLOC_000267	chr1	28918711	28921088	chr1:28918711-28921088	RAB42	0	0	0.454625	0.201078	0	0.0435103	0	0	0	0	0.271609	+
XLOC_000268	chr1	28975036	28976626	chr1:28975036-28976626	RNU11	0	0	0.0819236	0	0.826275	0	0.0638502	3.19137	0	0.186938	1.36357	+
XLOC_000269	chr1	28995239	29047591	chr1:28995239-29047591	GMEB1	2.23341	3.63631	3.35183	4.33326	4.61419	4.39848	2.61691	4.93438	4.36422	4.69779	4.1495	+
XLOC_000270	chr1	29063132	29096287	chr1:29063132-29096287	YTHDF2	35.0982	12.871	23.806	16.1632	18.3172	22.6609	38.7237	16.0524	19.5869	15.969	19.1724	+
XLOC_000271	chr1	29138653	29190208	chr1:29138653-29190208	OPRD1	0	0	0	0	0	0	0	0	0	0	0	+
XLOC_000272	chr1	29213602	29450421	chr1:29213602-29450421	EPB41	43.1613	35.2074	58.5884	60.9347	35.1908	45.8448	72.6218	35.561	45.5695	53.8367	25.2283	+
XLOC_000273	chr1	29563027	29653325	chr1:29563027-29653325	PTPRU	0	0.0255389	0.0399461	0.0502567	0	0.0424625	0	0.0625182	0	0.0123786	0	+
XLOC_000274	chr1	31183063	31230902	chr1:31183063-31230902	MATN1-AS1	0.662232	2.0505	0.598873	3.8877	5.11378	7.83029	0.3052	12.6059	7.27535	4.64573	7.54864	+
XLOC_000275	chr1	31769828	31845923	chr1:31769828-31845923	ZCCHC17	45.0266	4.7283	30.5401	6.0639	5.09208	6.95322	35.6648	6.57603	9.44092	6.24134	4.97035	+
XLOC_000276	chr1	31882411	31907527	chr1:31882411-31907527	SERINC2	0.392119	0.574061	3.59849	0.187948	0	0.542623	0.476493	0.309033	0.258166	0	0.0993501	+
XLOC_000277	chr1	31971838	31974167	chr1:31971838-31974167	LINC01225	0	0	0	0	0	0	0	0	0	0	0	+
XLOC_000278	chr1	31984035	31989846	chr1:31984035-31989846	LINC01226	0	0	0.043755	0.0627377	0.0315872	0.0466319	0	0	0.0401443	0	0	+
XLOC_000279	chr1	32042085	32053287	chr1:32042085-32053287	TINAGL1	0	0	0	0	0	0	0	0	0.0455107	0.0427092	0	+
XLOC_000280	chr1	32083300	32092919	chr1:32083300-32092919	HCRTR1	0	0	0	0	0.087702	0	0	0.376033	0	0.133141	0	+
XLOC_000281	chr1	32479103	32531382	chr1:32479103-32531382	KHDRBS1	92.992	29.4616	60.9686	40.0342	39.481	40.2696	81.3058	34.3972	55.5703	36.6865	32.4262	+
XLOC_000282	chr1	32538006	32568687	chr1:32538006-32568687	TMEM39B	19.3326	4.4131	10.6749	5.98241	4.88695	5.88475	11.7717	5.15483	6.03771	4.84383	4.47745	+
XLOC_000283	chr1	32538006	32568687	chr1:32538006-32568687	MIR5585	0	0	0	0	0	0	0	0	0	0	0	+
XLOC_000284	chr1	32573640	32687932	chr1:32573640-32687932	CCDC28B,DCDC2B,IQCC,KPNA6,TXLNA	14.4446	18.103	19.1022	25.6241	19.9818	19.549	12.9271	16.5593	20.416	27.6613	20.4424	+
XLOC_000285	chr1	32687970	32709543	chr1:32687970-32709543	EIF3I	174.343	17.3397	117.05	22.0196	26.8357	36.38	164.069	29.4318	51.5482	27.2091	24.3297	+
XLOC_000286	chr1	32712817	32714461	chr1:32712817-32714461	FAM167B	0	0	0.489935	0.589518	0.643754	0.492243	0.451501	0.584774	0.48704	0.724316	0.701454	+
XLOC_000287	chr1	32716839	32751768	chr1:32716839-32751768	LCK	91.3335	17.7321	43.8734	19.6476	13.5478	26.9832	133.477	31.3205	31.2461	24.5772	15.815	+
XLOC_000288	chr1	32757593	32799281	chr1:32757593-32799281	HDAC1	125.679	43.01	72.7919	60.755	43.8105	57.6164	81.6366	26.687	85.0825	54.3822	41.0533	+
XLOC_000289	chr1	32817218	32860113	chr1:32817218-32860113	TSSK3	0.849365	5.10947	3.16848	4.0779	5.62443	8.50897	0.856144	4.45198	5.99356	4.75853	5.78977	+
XLOC_000290	chr1	32930657	32953459	chr1:32930657-32953459	ZBTB8B	0	0	0	0	0	0.0113336	0	0	0	0	0	+
XLOC_000291	chr1	33004745	33071551	chr1:33004745-33071551	ZBTB8A	0.0377191	0.220446	0.197156	0.370632	0.33725	0.094224	0.0260223	0.210043	0.0588527	0.34758	0.195828	+
XLOC_000292	chr1	33086069	33116631	chr1:33086069-33116631	ZBTB8OS	0.625382	3.07477	0.347809	2.70443	3.30657	4.05661	0.287966	4.05365	2.31292	4.58237	2.99272	+
XLOC_000293	chr1	33086069	33116631	chr1:33086069-33116631	ZBTB8OS	0.0794411	1.66616	0.213237	1.7352	1.17868	0.97159	0.143516	2.11304	0.955744	2.33748	1.94535	+
XLOC_000294	chr1	33086069	33116631	chr1:33086069-33116631	ZBTB8OS	0.0841835	1.80426	0.0899448	1.43491	1.34571	0.627257	0.0388429	2.52661	0.60988	2.19405	1.67908	+
XLOC_000295	chr1	33086069	33116631	chr1:33086069-33116631	ZBTB8OS	0	2.02677	0.185343	1.44044	3.10788	0.405749	0	4.66785	0.224166	2.27812	1.59674	+
XLOC_000296	chr1	33116748	33168361	chr1:33116748-33168361	RBBP4	3.44419	11.3147	7.00596	12.0045	8.91734	12.1985	6.08619	7.45021	9.67235	15.2353	8.07135	+
XLOC_000297	chr1	33207511	33240571	chr1:33207511-33240571	KIAA1522	0.0260357	0.279366	1.12873	0.244912	0.0794824	0.234037	0.144965	0.398035	0.0794349	0.0130488	0.0891248	+
XLOC_000298	chr1	33240789	33325930	chr1:33240789-33325930	S100PBP	10.663	13.7467	6.8125	13.8292	9.52079	11.9118	17.2418	9.1991	8.63858	10.5761	11.3776	+
XLOC_000299	chr1	33352097	33366953	chr1:33352097-33366953	HPCA	0	0.292681	0	0	0.0976344	0.0311371	0.0550681	0.0988558	0	0	0.104441	+
XLOC_000300	chr1	33546713	33586170	chr1:33546713-33586170	AZIN2	0.772525	0.509242	0.157611	0.294738	0.0536329	0.926125	0.324005	0.136829	0.350698	0.335677	0.152814	+
XLOC_000301	chr1	33587764	33601985	chr1:33587764-33601985	NA	0.113125	0.696459	0.0926729	0.470535	0.354674	0.099895	0	0.215144	0.126441	1.31106	0.381102	+
XLOC_000302	chr1	33602637	33647680	chr1:33602637-33647680	NA	0	0.0423437	0.0213249	0.0236533	0	0	0	0	0.0404084	0.41525	0.0535783	+
XLOC_000303	chr1	33602637	33647680	chr1:33602637-33647680	TRIM62	0.0191064	0.994119	0.0935796	0.408028	1.14812	0.740888	0.0339107	0.620365	0.319192	0.637911	1.36535	+
XLOC_000304	chr1	33722046	33766344	chr1:33722046-33766344	ZNF362	2.36906	4.50719	2.30915	2.91074	5.7436	5.18374	4.00589	4.81876	3.96888	4.73505	7.21808	+
XLOC_000305	chr1	33789002	33841194	chr1:33789002-33841194	LOC101929464	0	0	0	0	0	0	0	0	0	0	0	+
XLOC_000306	chr1	33938231	33961995	chr1:33938231-33961995	ZSCAN20	0	0.0777876	0.330756	0.278986	0.390065	0.114842	0.0996631	0.0440797	0.0961897	0.57979	0.232942	+
XLOC_000307	chr1	33979598	34631443	chr1:33979598-34631443	HMGB4	0	0	0	0	0	0	0	0	0	0	0	+
XLOC_000308	chr1	33979598	34631443	chr1:33979598-34631443	CSMD2-AS1	0	0	0	0	0	0	0	0	0	0	0	+
XLOC_000309	chr1	34632483	34684731	chr1:34632483-34684731	C1orf94	0	0	0	0	0	0	0	0	0	0	0	+
XLOC_000310	chr1	35220647	35224113	chr1:35220647-35224113	GJB5	0	0	0.0992652	0	0	0	0	0	0.0550123	0	0	+
XLOC_000311	chr1	35225341	35229325	chr1:35225341-35229325	GJB4	0	0	0.0433088	0	0	0.0297971	0	0	0	0	0	+
XLOC_000312	chr1	35246789	35251967	chr1:35246789-35251967	GJB3	0	0.0353848	0	0	0	0	0	0	0.0393299	0.342695	0	+
XLOC_000313	chr1	35258598	35261348	chr1:35258598-35261348	GJA4	0	0	1.48223	0.271106	0	0	0	0	0.0510122	0.149852	0	+
XLOC_000314	chr1	35525386	35583241	chr1:35525386-35583241	ZMYM1	0.778539	3.71936	1.8909	5.27197	2.8267	1.52613	1.76336	2.46623	1.92249	6.96705	2.40262	+
XLOC_000315	chr1	35734082	35890821	chr1:35734082-35890821	ZMYM4	6.32977	5.86265	5.94915	6.11777	5.3341	4.66092	9.09823	4.67285	4.19374	6.21067	4.17757	+
XLOC_000316	chr1	35891134	36107445	chr1:35891134-36107445	NCDN,TFAP2E	3.88247	3.33146	4.67314	5.18351	4.60798	4.63162	4.20062	3.12409	4.57869	7.08633	4.45279	+
XLOC_000317	chr1	36273213	36324024	chr1:36273213-36324024	AGO4	5.11921	12.8429	9.3684	6.57267	4.49863	10.4636	3.55064	6.14897	13.3657	7.09006	7.20516	+
XLOC_000318	chr1	36348560	36538192	chr1:36348560-36538192	AGO1,AGO3	2.89445	10.2811	4.92792	9.41736	8.51586	5.5995	2.87714	7.63457	6.1945	8.61633	6.4281	+
XLOC_000319	chr1	36549675	36553876	chr1:36549675-36553876	TEKT2	0	0.0405948	0	0.0520748	0	0.0473875	0.0407779	0	0	0	0.07012	+
XLOC_000320	chr1	36554241	36560524	chr1:36554241-36560524	ADPRHL2	18.9363	2.80161	12.8398	2.83337	4.64788	6.86079	21.2344	7.49529	5.83193	5.50907	7.32996	+
XLOC_000321	chr1	36602169	36646451	chr1:36602169-36646451	MAP7D1	26.3237	15.0288	18.2756	11.0037	17.0914	22.8197	21.0756	20.2656	20.5803	9.2477	8.64045	+
XLOC_000322	chr1	36689951	36770957	chr1:36689951-36770957	THRAP3	13.0061	34.886	16.5836	54.8366	42.8436	40.9883	13.9566	39.745	38.3139	60.8958	42.0413	+
XLOC_000323	chr1	36771717	36796334	chr1:36771717-36796334	SH3D21	9.1271	3.37185	0.860431	1.01032	6.88878	6.80309	5.24114	11.6972	29.4604	7.94044	5.29237	+
XLOC_000324	chr1	37618945	37724542	chr1:37618945-37724542	MIR4255	0	0	0	0	0	0	0	0	0	0	0	+
XLOC_000325	chr1	37940118	37949993	chr1:37940118-37949993	MIR6732,ZC3H12A	2.45834	8.8311	3.34009	6.96491	7.38063	24.4636	2.78948	41.2688	6.52387	8.32716	9.47918	+
XLOC_000326	chr1	38022519	38061586	chr1:38022519-38061586	DNALI1	1.12068	0.128596	0.0863974	0.131615	0.375411	0.264544	0.21606	0.178835	0.0211192	0.169502	0.155918	+
XLOC_000327	chr1	38022519	38061586	chr1:38022519-38061586	GNL2	0.0560092	1.31123	0.40597	1.15187	1.63214	1.61821	0.142475	1.97825	0.86734	1.77075	1.52775	+
XLOC_000328	chr1	38158072	38175391	chr1:38158072-38175391	CDCA8	1.60469	0.163518	15.0973	0.41191	0.183394	0.196927	1.23801	0.0948011	0.222208	0.379682	0.12472	+
XLOC_000329	chr1	38259773	38325435	chr1:38259773-38325435	MANEAL	2.49423	0.78888	0.683811	0.995685	0.781121	0.511699	1.34755	1.006	0.865433	1.38714	1.53665	+
XLOC_000330	chr1	38259773	38325435	chr1:38259773-38325435	C1orf122	24.1629	6.62576	10.7908	10.2803	22.6765	12.1716	15.223	15.8157	18.0955	7.9959	18.3143	+
XLOC_000331	chr1	38478383	38490610	chr1:38478383-38490610	UTP11L	6.13301	1.49134	5.93351	3.04889	2.39284	4.82377	6.26415	3.98648	3.0753	5.12167	4.00456	+
XLOC_000332	chr1	38554902	38555001	chr1:38554902-38555001	MIR3659	0	0	0	0	0	0	0	0	0	0	0	+
XLOC_000333	chr1	38941297	38948577	chr1:38941297-38948577	NA	0	0.846237	0.0881715	0.700175	0.0766749	0.498199	0.0539575	0.814746	0.789839	1.01259	0.632176	+
XLOC_000334	chr1	39456915	39473794	chr1:39456915-39473794	AKIRIN1	49.8787	21.2437	34.1296	26.6522	17.1795	42.3845	54.1446	30.0119	30.0296	22.8077	20.4905	+
XLOC_000335	chr1	39491966	39517061	chr1:39491966-39517061	NDUFS5	368.941	39.7838	239.351	43.2759	62.3526	62.356	277.706	101.184	84.7246	38.1493	40.7122	+
XLOC_000336	chr1	39549838	39953741	chr1:39549838-39953741	MACF1	2.62908	15.0283	6.53848	12.5398	10.9785	8.17996	2.93775	6.10813	6.15642	7.79718	3.64966	+
XLOC_000337	chr1	39549838	39953741	chr1:39549838-39953741	KIAA0754	0	1.37652	0.733736	0.90388	1.54273	0.175049	0.0550464	0.311058	0.163396	0.630144	0.418262	+
XLOC_000338	chr1	39957317	40025436	chr1:39957317-40025436	BMP8A	0.442777	0.829755	0.230124	2.42723	4.58479	0.151422	0.333623	0.349343	2.55191	2.82903	2.20219	+
XLOC_000339	chr1	40025816	40042550	chr1:40025816-40042550	LOC101929516	2.81941	2.13054	0.77072	1.4962	3.56333	3.69327	0.497186	3.76737	2.15648	1.51185	2.6869	+
XLOC_000340	chr1	40204516	40255665	chr1:40204516-40255665	PPIE	56.4424	12.675	30.2744	10.235	14.2142	13.2868	51.3391	8.92518	18.1795	10.734	8.49503	+
XLOC_000341	chr1	40420752	40435748	chr1:40420752-40435748	MFSD2A	0.723147	0.787396	1.48588	1.01653	2.30572	3.11101	0.792446	7.012	1.40041	0.720004	0.446378	+
XLOC_000342	chr1	40506254	40563142	chr1:40506254-40563142	CAP1	388.914	63.0061	316.481	49.1458	27.9592	75.3773	347.912	28.641	103.847	48.3931	35.8042	+
XLOC_000343	chr1	40627040	40707032	chr1:40627040-40707032	RLF	2.01613	8.7574	3.42246	8.12098	7.76323	8.67645	3.43506	21.6118	8.33002	7.06532	8.28434	+
XLOC_000344	chr1	40713572	40717365	chr1:40713572-40717365	TMCO2	0	0	0	0	0	0	0	0	0.0942527	0.248994	0	+
XLOC_000345	chr1	40723721	40760182	chr1:40723721-40760182	ZMPSTE24	20.1606	5.32572	15.2693	7.60217	4.04944	6.73518	24.5117	4.99096	6.12498	9.12965	6.16726	+
XLOC_000346	chr1	40839226	40899663	chr1:40839226-40899663	SMAP2	439.057	87.6344	134.551	143.721	116.689	144.608	279.897	251.158	160.605	149.727	77.8215	+
XLOC_000347	chr1	40915746	40939997	chr1:40915746-40939997	ZFP69B	0.156293	0.610245	0.284672	1.273	0.649733	0.488499	0.659376	1.4504	0.550031	1.13389	0.640902	+
XLOC_000348	chr1	40942945	40984172	chr1:40942945-40984172	ZFP69	1.87691	1.6736	1.41859	2.09803	0.911196	1.4092	1.97553	0.701229	1.78802	3.06358	0.997834	+
XLOC_000349	chr1	40942945	40984172	chr1:40942945-40984172	EXO5	1.7918	1.43247	3.60726	1.39481	0.866818	2.22321	2.21224	1.07466	1.40038	1.51726	2.31324	+
XLOC_000350	chr1	40997232	41013841	chr1:40997232-41013841	ZNF684	0.537486	0.715039	1.24774	0.985703	0.843536	1.12152	1.11559	2.63942	0.822905	2.56761	1.95511	+
XLOC_000351	chr1	41151080	41237881	chr1:41151080-41237881	NFYC	17.5892	12.703	20.4778	17.1736	15.0163	15.6398	20.6218	9.1633	15.4249	11.837	11.5055	+
XLOC_000352	chr1	41151080	41237881	chr1:41151080-41237881	MIR30E	0	0	0	0	0	0	0	0	0	0	0	+
XLOC_000353	chr1	41151080	41237881	chr1:41151080-41237881	MIR30C1	0	0	0	0	0	0	0	0	0	0	0	+
XLOC_000354	chr1	41249683	41306124	chr1:41249683-41306124	KCNQ4	0	0.120761	0.330816	0.0782795	0.0735367	0.162206	0.0183741	0.100013	0.114566	0.0935271	0.0384782	+
XLOC_000355	chr1	41444970	41707980	chr1:41444970-41707980	CTPS1,SLFNL1-AS1	4.02992	1.81849	7.23984	2.30538	3.2983	3.39099	2.75389	3.22466	3.15805	2.0171	1.48134	+
XLOC_000356	chr1	41444970	41707980	chr1:41444970-41707980	SLFNL1	0	0.128861	0.0566648	0.184468	0.261597	0.0205165	0	0.237076	0.0153724	0.00182666	0.123251	+
XLOC_000357	chr1	41444970	41707980	chr1:41444970-41707980	SCMH1	0	1.28553	0.222434	1.09225	1.28587	0.583214	0.0729132	1.45536	0.791019	1.08187	1.07855	+
XLOC_000358	chr1	41827602	41849263	chr1:41827602-41849263	FOXO6	0.065757	0	0	0	0	0	0.0301746	0	0	0.0749249	0	+
XLOC_000359	chr1	42619091	42621495	chr1:42619091-42621495	GUCA2B	0	0	0	0	0	0	0	0	0	0	0	+
XLOC_000360	chr1	42846467	42889900	chr1:42846467-42889900	RIMKLA	0.0378301	0.0845829	0.0223768	0.371074	0.102292	0.0968167	0.0164406	0.0118988	0.0353861	0.0888734	0	+
XLOC_000361	chr1	42922011	42939049	chr1:42922011-42939049	PPCS	51.2063	8.25061	27.2701	13.2543	17.8053	20.4044	42.6409	14.3786	17.0557	14.3733	10.3356	+
XLOC_000362	chr1	42946195	43120335	chr1:42946195-43120335	CCDC30	0.142654	0.712842	0.153771	0.781706	0.836677	0.560987	0.287368	0.345256	0.520461	1.21116	0.476993	+
XLOC_000363	chr1	43124023	43143780	chr1:43124023-43143780	PPIH	49.2762	18.5253	39.0265	13.1536	13.1875	25.7779	37.9222	12.3502	19.4201	17.3578	12.7008	+
XLOC_000364	chr1	43148033	43168030	chr1:43148033-43168030	YBX1	897.037	139.347	721.169	148.08	169.606	196.9	461.214	210.096	213.974	141.553	147.989	+
XLOC_000365	chr1	43232915	43311483	chr1:43232915-43311483	C1orf50	17.0368	3.23329	8.99984	5.02802	2.93842	7.11776	15.9506	6.04896	5.22071	5.7611	6.0634	+
XLOC_000366	chr1	43232915	43311483	chr1:43232915-43311483	LOC100129924	0.486462	0.422439	0.0264631	0.458152	0.540678	0.409196	0.0200436	1.27649	0.366839	0.540368	0.371967	+
XLOC_000367	chr1	43232915	43311483	chr1:43232915-43311483	ERMAP	5.44735	3.08143	20.9393	3.55154	3.07539	2.42262	3.41442	0.966117	2.80328	2.27317	1.39252	+
XLOC_000368	chr1	43312243	43320204	chr1:43312243-43320204	ZNF691	3.00557	1.26645	2.08083	1.06188	0.608191	1.7915	3.74406	0.645421	2.02245	3.01561	1.30226	+
XLOC_000369	chr1	43323292	43354463	chr1:43323292-43354463	LOC339539	0	0	0	0	0	0.033074	0	0	0	0	0	+
XLOC_000370	chr1	43391045	43466485	chr1:43391045-43466485	SLC2A1-AS1	0.263441	1.01004	0.465873	0.605015	0.851331	0.672412	0.569774	0.326771	0.232076	1.78669	0.419488	+
XLOC_000371	chr1	43613593	43622067	chr1:43613593-43622067	FAM183A	0	0	0	0	0	0	0	0	0	0	0	+
XLOC_000372	chr1	43629593	43720029	chr1:43629593-43720029	CFAP57	0.547571	0.0992239	0	0.127588	0.0748171	0.135162	0.536854	0.110387	0.167099	0.227551	0.279926	+
XLOC_000373	chr1	43735664	43739673	chr1:43735664-43739673	TMEM125	0.418037	0.0507611	0.76498	0	0	0.0531084	0.769851	0	0.142724	0.149451	0.401664	+
XLOC_000374	chr1	43766565	43788781	chr1:43766565-43788781	TIE1	0.0656036	0.103214	0.485603	0	0	0.0963929	0.0685789	0	0.0356481	0.0170988	0.0654806	+
XLOC_000375	chr1	43803474	43820979	chr1:43803474-43820979	MPL	0	0.278914	0.225296	0.187593	0.241445	0.14573	0.0428384	0.367446	0.122835	0.53256	0.294817	+
XLOC_000376	chr1	43824625	43828873	chr1:43824625-43828873	CDC20	1.63319	0	49.1268	0.0589784	0	0.0501061	1.50974	0.225421	0.0419523	0.186585	0	+
XLOC_000377	chr1	43847777	43926234	chr1:43847777-43926234	SZT2	1.87924	7.59175	3.58927	8.61072	11.1865	7.92921	1.35423	15.3502	7.22623	9.30256	9.34612	+
XLOC_000378	chr1	43847777	43926234	chr1:43847777-43926234	MIR6735	0	0	0	0	0	0	0	0	0	0	0	+
XLOC_000379	chr1	43996546	44089343	chr1:43996546-44089343	PTPRF	2.48466	0	1.63551	0.084648	1.28845	0.0202799	0.0603428	0.0951816	0.149356	0.190352	0.0164609	+
XLOC_000380	chr1	44115776	44173012	chr1:44115776-44173012	KDM4A	8.93874	4.81954	7.39287	8.34864	9.71866	8.37938	9.26882	7.15094	7.24997	6.69953	6.19317	+
XLOC_000381	chr1	44173203	44397521	chr1:44173203-44397521	ST3GAL3	4.07121	1.71463	4.79062	2.50918	3.05539	2.74888	3.63362	2.4864	2.70592	2.79297	4.53156	+
XLOC_000382	chr1	44173203	44397521	chr1:44173203-44397521	MIR6079	0	0	0	0	0	0	0	0	0	0	0	+
XLOC_000383	chr1	44398991	44402912	chr1:44398991-44402912	ARTN	0	0.0650228	0.139041	0.085291	0	0.0538112	0	0	0	0	0.156998	+
XLOC_000384	chr1	44412388	44433694	chr1:44412388-44433694	IPO13	16.2074	2.46118	9.42445	3.52605	4.61988	3.97809	9.85664	3.44277	5.47639	3.98622	3.90817	+
XLOC_000385	chr1	44435652	44439773	chr1:44435652-44439773	DPH2	12.4846	2.71495	11.8519	5.05111	4.21149	5.27823	10.3869	3.76809	5.66606	4.7069	4.39613	+
XLOC_000386	chr1	44440319	44443972	chr1:44440319-44443972	ATP6V0B	158.512	30.0996	144.867	23.0183	48.5842	73.6832	106.898	60.6183	59.493	32.018	43.6377	+
XLOC_000387	chr1	44444873	44457037	chr1:44444873-44457037	B4GALT2	33.2945	0.11833	6.85712	0.259318	2.69153	5.0776	6.69083	6.17427	4.79961	1.57148	5.59085	+
XLOC_000388	chr1	44457279	44497164	chr1:44457279-44497164	CCDC24	15.132	0.905866	1.1116	2.0906	2.07398	8.41871	14.6033	1.69253	6.53547	1.61886	3.66099	+
XLOC_000389	chr1	44584521	44600809	chr1:44584521-44600809	KLF17	0	0.0385919	0	0	0	0	0	0	0	0	0	+
XLOC_000390	chr1	44679124	44686351	chr1:44679124-44686351	DMAP1	22.4536	11.4638	14.8576	14.8342	11.731	18.2407	25.155	13.3151	16.9108	13.9206	12.9998	+
XLOC_000391	chr1	44870959	45117401	chr1:44870959-45117401	RNF220	51.5681	17.8026	35.6522	19.941	21.1192	30.9635	36.8229	14.9187	35.9557	20.5665	21.9397	+
XLOC_000392	chr1	44870959	45117401	chr1:44870959-45117401	MIR5584	0	0	0	0	0	0	0	0	0	0	0	+
XLOC_000393	chr1	45140393	45191263	chr1:45140393-45191263	C1orf228	131.753	39.6405	86.2783	28.175	79.8789	14.9275	33.2285	28.8065	37.7646	14.8357	3.67568	+
XLOC_000394	chr1	45205489	45234061	chr1:45205489-45234061	KIF2C	3.19071	1.05327	12.7574	0.893401	0.592616	0.381385	1.18632	0.599161	1.07052	0.353457	0.642676	+
XLOC_000395	chr1	45239713	45253426	chr1:45239713-45253426	RPS8,SNORD55	8064.82	918.893	3796.99	1359.79	2124.22	2488.8	5816.98	1955.75	1871.45	1226.93	2062.11	+
XLOC_000396	chr1	45239713	45253426	chr1:45239713-45253426	SNORD46	0	0	0	304.469	0	0	0	2242.8	0	331.66	0	+
XLOC_000397	chr1	45239713	45253426	chr1:45239713-45253426	SNORD38A	0	0	0	0	0	991.082	0	2551.12	0	0	0	+
XLOC_000398	chr1	45239713	45253426	chr1:45239713-45253426	SNORD38B	0	0	0	1022.93	0	0	0	0	0	0	0	+
XLOC_000399	chr1	45265592	45281912	chr1:45265592-45281912	PLK3	4.04754	8.04434	5.24371	9.35117	6.94426	16.576	5.70208	40.4215	10.2772	5.50492	7.76968	+
XLOC_000400	chr1	45265592	45281912	chr1:45265592-45281912	BTBD19	0.438941	1.42557	0.454062	3.28957	1.39099	0.680691	0.12722	3.18529	0.908919	1.7046	1.52365	+
XLOC_000401	chr1	45477804	45481500	chr1:45477804-45481500	UROD	38.795	6.68552	220.069	9.1031	8.42585	12.1146	28.9148	6.67019	11.7486	7.35812	8.99115	+
XLOC_000402	chr1	45769581	45771291	chr1:45769581-45771291	LINC01144	0	0.0929586	0.137694	0.0584226	0	0.181309	0.0921401	0.157285	0.121244	0.696742	0.0805109	+
XLOC_000403	chr1	45792544	45794346	chr1:45792544-45794346	HPDL	0.15071	0.746489	1.54102	0.731584	0.904633	0.74329	0.313138	0.979512	0.138096	0.857836	2.21038	+
XLOC_000404	chr1	45794643	45956840	chr1:45794643-45956840	TOE1	3.67118	2.06609	6.29634	2.38561	5.90269	5.64582	3.34313	4.81483	4.97495	2.6864	9.0557	+
XLOC_000405	chr1	45965855	45988562	chr1:45965855-45988562	MMACHC	0.291621	0.466815	1.20639	0.583132	1.26651	0.11292	0.905703	0.438578	0.174244	1.69189	0.470996	+
XLOC_000406	chr1	46016454	46035959	chr1:46016454-46035959	AKR1A1	100.971	10.0852	63.5195	13.7249	12.0017	20.9137	71.9985	7.62463	23.0768	13.2433	16.9664	+
XLOC_000407	chr1	46047234	46092655	chr1:46047234-46092655	NASP	17.4208	13.2378	25.7886	22.7313	14.2846	21.5054	21.7124	11.6462	17.1549	17.7706	15.2261	+
XLOC_000408	chr1	46153846	46216564	chr1:46153846-46216564	TMEM69	30.9646	4.84349	12.1235	6.69815	5.32819	6.81441	22.5736	6.21999	6.17564	10.5378	5.40327	+
XLOC_000409	chr1	46269261	46502007	chr1:46269261-46502007	MAST2	1.79998	3.76425	4.9237	4.39988	6.06956	3.48218	2.09645	4.36372	4.13398	4.94371	4.87972	+
XLOC_000410	chr1	46505811	46651634	chr1:46505811-46651634	LOC101929626	0	0	0	0	0	0	0	0	0	0	0	+
XLOC_000411	chr1	46505811	46651634	chr1:46505811-46651634	TSPAN1	0	0	0	0	0	0	0	0	0	0	0	+
XLOC_000412	chr1	46654096	46689314	chr1:46654096-46689314	LURAP1	0.157107	0.0720651	0.62048	0	0.0966971	0.148047	0.0197469	0.0294974	0.557334	0.0536218	0.260233	+
XLOC_000413	chr1	46713366	46782449	chr1:46713366-46782449	RAD54L	0.599347	0.707768	4.29126	0.617447	0.746626	0.360926	1.08624	1.07023	0.386416	1.14145	1.58549	+
XLOC_000414	chr1	46713366	46782449	chr1:46713366-46782449	UQCRH	662.823	31.5643	355.783	59.9944	95.756	156.347	410.829	71.4855	143.289	81.7582	58.3649	+
XLOC_000415	chr1	46804470	46880632	chr1:46804470-46880632	FAAH,NSUN4	9.56003	6.45275	10.8207	9.29622	8.49862	7.29136	7.48472	13.4331	6.16899	9.46456	9.21284	+
XLOC_000416	chr1	46896420	46915376	chr1:46896420-46915376	FAAHP1	0.388304	0.245002	0.207001	0.17074	0.0164612	1.26979	0.0296581	0.180822	0.521245	0.191984	0	+
XLOC_000417	chr1	46972667	46979886	chr1:46972667-46979886	DMBX1	0	0	0	0	0	0	0	0	0	0.028191	0.0512978	+
XLOC_000418	chr1	47004367	47082563	chr1:47004367-47082563	MKNK1-AS1	0.0507387	0.215877	0.0436332	0.17381	0.21825	0.33627	0.0628691	0.4086	0.179519	0.234965	0.207267	+
XLOC_000419	chr1	47004367	47082563	chr1:47004367-47082563	MKNK1	0	0.790725	0.114595	0.362508	0.272057	0.55826	0	0.389088	0.557814	0.72172	0.311524	+
XLOC_000420	chr1	47004367	47082563	chr1:47004367-47082563	MKNK1	0	2.46247	0	1.42442	3.30708	0.70095	0	0.311865	0.344759	0.5537	1.1751	+
XLOC_000421	chr1	47098237	47135440	chr1:47098237-47135440	NA	0	0	0.35193	0.651651	0.0848788	0.200813	0.587114	0.368355	0.44926	0.437914	0.490571	+
XLOC_000422	chr1	47098237	47135440	chr1:47098237-47135440	ATPAF1	0.11674	1.03949	0.155706	0.917494	1.27561	0.755439	0.0820942	0.71877	0.827426	0.321983	0.868376	+
XLOC_000423	chr1	47098237	47135440	chr1:47098237-47135440	NA	0	0	0	0	0	0	0	0	0	0	0	+
XLOC_000424	chr1	47137504	47139256	chr1:47137504-47139256	TEX38	0	0.674805	0.20052	0.336088	0.855173	0.0753346	0.13101	0.415887	0	0.902631	0.59634	+
XLOC_000425	chr1	47139707	47184808	chr1:47139707-47184808	EFCAB14-AS1	0	0.477353	0	0	0	0.15626	0	0.854906	0	0	0	+
XLOC_000426	chr1	47264669	47285021	chr1:47264669-47285021	CYP4B1	0	0.069991	0	0	0	0	0.0381793	0	0	0	0	+
XLOC_000427	chr1	47489239	47516423	chr1:47489239-47516423	CYP4X1	0	0	0.0507342	0	0	0	0	0	0	0	0	+
XLOC_000428	chr1	47533159	47583992	chr1:47533159-47583992	CYP4Z1	0	0	0	0	0	0	0	0	0	0	0	+
XLOC_000429	chr1	47603096	47614526	chr1:47603096-47614526	CYP4A22	0	0	0	0	0	0	0	0	0	0.0316794	0	+
XLOC_000430	chr1	47644921	47646011	chr1:47644921-47646011	LINC00853	0	0	0.707556	0	0	0.390831	0.135054	0	0	0.528228	0	+
XLOC_000431	chr1	47797535	47845646	chr1:47797535-47845646	CMPK1	76.3598	34.6527	53.9295	41.4384	26.8554	47.7063	84.3647	32.9577	35.5783	28.3703	22.5925	+
XLOC_000432	chr1	47846467	47906363	chr1:47846467-47906363	LINC01389	0	0.317413	0.204685	1.09828	1.16976	0.400037	0.0777093	0.427463	0.700164	0.172462	1.53609	+
XLOC_000433	chr1	47846467	47906363	chr1:47846467-47906363	FOXE3	0	0	0	0	0	0	0	0.115376	0	0	0	+
XLOC_000434	chr1	47846467	47906363	chr1:47846467-47906363	FOXD2	0.0230617	0.0770427	0.187535	0.033529	0.278261	0.327829	0.0366698	0.428607	0.319562	0.204976	0.122851	+
XLOC_000435	chr1	48688356	48714316	chr1:48688356-48714316	SLC5A9	0.31929	0.0640801	0.0693742	0	0	0.024969	0.0456905	0	0	0	0	+
XLOC_000436	chr1	48998526	50489626	chr1:48998526-50489626	LOC101929721	0	0	0	0	0	0	0	0	0	0	0	+
XLOC_000437	chr1	50513685	50669457	chr1:50513685-50669457	ELAVL4	0	0.0225456	0	0	0	0	0	0	0	0	0	+
XLOC_000438	chr1	51434366	51440309	chr1:51434366-51440309	CDKN2C	2.94382	0.713983	15.8269	0.0857971	0.880404	1.22688	7.82324	6.2863	0.496423	1.57711	0.0731106	+
XLOC_000439	chr1	51525508	51525577	chr1:51525508-51525577	MIR4421	0	0	0	0	0	0	0	0	0	0	0	+
XLOC_000440	chr1	51525689	51525775	chr1:51525689-51525775	MIR6500	0	0	0	0	0	0	0	0	0	0	0	+
XLOC_000441	chr1	51567905	51613754	chr1:51567905-51613754	C1orf185	0	0	0	0	0	0	0	0	0	0	0	+
XLOC_000442	chr1	51701944	51739119	chr1:51701944-51739119	RNF11	28.4083	8.47826	57.4102	4.10313	7.05691	22.8677	32.2941	22.5013	14.6951	4.86688	5.77422	+
XLOC_000443	chr1	51752929	51810788	chr1:51752929-51810788	TTC39A-AS1	0	0	0	0	0	0	0	0	0	0	0	+
XLOC_000444	chr1	52082545	52344609	chr1:52082545-52344609	OSBPL9	11.2897	7.05824	11.723	7.2436	6.4369	7.87341	12.386	5.18332	7.00169	8.52693	5.39761	+
XLOC_000445	chr1	52485802	52557788	chr1:52485802-52557788	TXNDC12-AS1	0	0	0	0	0	0	0	1.60196	0.368686	0	0	+
XLOC_000446	chr1	52485802	52557788	chr1:52485802-52557788	BTF3L4	13.6251	5.68121	11.0108	5.57464	3.76115	9.38767	17.155	6.03082	7.12204	9.3079	4.36191	+
XLOC_000447	chr1	52607765	52832140	chr1:52607765-52832140	ZFYVE9	0.249621	0.496968	0.412255	0.42583	1.17596	0.968246	0.327257	0.718091	0.829522	0.254503	0.790663	+
XLOC_000448	chr1	52870218	52888308	chr1:52870218-52888308	PRPF38A	27.9087	11.2156	25.0179	11.431	10.0908	20.1397	20.195	15.3386	11.9324	15.3179	14.6759	+
XLOC_000449	chr1	53057452	53075793	chr1:53057452-53075793	GPX7	18.0089	4.8476	19.558	5.03877	3.79953	8.69407	22.324	6.02615	6.44964	7.09676	7.59554	+
XLOC_000450	chr1	53082537	53164038	chr1:53082537-53164038	FAM159A	7.29448	12.0489	8.01456	12.4926	1.53401	6.53401	10.3393	8.03107	4.93936	12.639	14.8751	+
XLOC_000451	chr1	53192130	53293048	chr1:53192130-53293048	ZYG11B	3.87426	5.48574	3.88286	4.24468	3.31555	3.01883	3.75103	2.33219	4.02368	4.66468	3.31804	+
XLOC_000452	chr1	53308182	53387458	chr1:53308182-53387458	ZYG11A	0.252353	0.0652005	0	0.070536	0.0776933	0.0527407	0	0.0395691	0	1.20571	2.53455	+
XLOC_000453	chr1	53392900	53517289	chr1:53392900-53517289	SCP2	70.6291	18.1296	77.6942	19.4307	17.2941	27.2403	82.4687	14.3369	24.9135	21.3951	15.0138	+
XLOC_000454	chr1	53392900	53517289	chr1:53392900-53517289	MIR1273F	0	0	0	0	0	0	0	0	0	0	0	+
XLOC_000455	chr1	53392900	53517289	chr1:53392900-53517289	MIR5095	0	0	0	0	0	0	0	0	0	0	0	+
XLOC_000456	chr1	53392900	53517289	chr1:53392900-53517289	MIR1273G	0	0	0	0	0	0	0	0	0	0	0	+
XLOC_000457	chr1	53527723	53551174	chr1:53527723-53551174	PODN	0.138338	0.306225	0.0405701	0	0	0.0293255	0.108166	0.204899	0.0953812	0.022303	0	+
XLOC_000458	chr1	53662100	53686311	chr1:53662100-53686311	CPT2	7.39462	1.92524	6.52661	2.7238	1.44198	2.66663	8.0064	2.33584	2.50517	4.02188	2.12521	+
XLOC_000459	chr1	53692048	53793821	chr1:53692048-53793821	LOC100507564	0.11907	0	0.211898	0	0	0.0841229	0.30487	0	0	0.17132	0	+
XLOC_000460	chr1	53793904	53804850	chr1:53793904-53804850	LOC105378732	0.140029	0.303394	0.318106	0	0.154163	0.118125	1.35772	0	0.494547	0.992211	1.45066	+
XLOC_000461	chr1	53925071	53933160	chr1:53925071-53933160	DMRTB1	0	0	0	0	0	0	0	0	0	0	0	+
XLOC_000462	chr1	54317282	54411966	chr1:54317282-54411966	DIO1	0	0.0913094	0.151144	0.171006	0.490818	0.0566576	0	0	0.0653831	0.409965	0.252223	+
XLOC_000463	chr1	54317282	54411966	chr1:54317282-54411966	HSPB11	0	0.38827	0.822853	1.13723	0.431173	3.20723	0.33563	0.00169339	1.47809	0.549588	0.65792	+
XLOC_000464	chr1	54317282	54411966	chr1:54317282-54411966	HSPB11	0.111635	0.419566	0.320095	0.717329	1.37521	0.432435	0.210008	0.381012	0.513589	1.14377	0.617907	+
XLOC_000465	chr1	54411998	54433861	chr1:54411998-54433861	LRRC42	6.93193	1.86261	8.53878	1.33696	1.00683	3.73255	7.02826	1.71651	3.24634	2.15786	1.62006	+
XLOC_000466	chr1	54492353	54578192	chr1:54492353-54578192	TCEANC2	3.16971	2.77126	2.77281	2.80808	1.90857	1.53954	3.81234	1.18055	2.73877	5.39821	2.52437	+
XLOC_000467	chr1	54492353	54578192	chr1:54492353-54578192	MIR4781	0	0	0	0	0	0	0	0	0	0	0	+
XLOC_000468	chr1	54665839	54872515	chr1:54665839-54872515	MRPL37	116.133	6.86439	82.7108	8.95643	8.71566	13.5513	63.082	10.2249	13.4283	11.7476	9.49762	+
XLOC_000469	chr1	54665839	54872515	chr1:54665839-54872515	SSBP3-AS1	0.146999	3.48617	0.573499	3.86213	6.28861	0.843997	0.0614903	0.537481	2.10237	0.690263	0.41237	+
XLOC_000470	chr1	55013806	55100417	chr1:55013806-55100417	ACOT11	0.197451	0.0988327	1.20025	0	0	0.0389484	0.197	0	0.106484	0	0	+
XLOC_000471	chr1	55107412	55208328	chr1:55107412-55208328	MROH7,MROH7-TTC4,TTC4	15.1921	2.5593	8.46896	6.67238	5.00775	5.39333	14.6079	4.24676	6.35952	6.66807	4.52615	+
XLOC_000472	chr1	55271735	55307937	chr1:55271735-55307937	C1orf177	0.0684122	0.247476	0.119647	0	0	0.222796	0.204315	0	0	0.126106	0.212273	+
XLOC_000473	chr1	55446336	55457966	chr1:55446336-55457966	TMEM61	0	0	0	0	0	0	0	0	0	0	0	+
XLOC_000474	chr1	55464616	55474465	chr1:55464616-55474465	BSND	0	0.0538272	0	0	0	0	0	0	0	0	0	+
XLOC_000475	chr1	55505148	55530526	chr1:55505148-55530526	PCSK9	0	0	0.0627661	0.0312733	0	0	0	0	0	0	0	+
XLOC_000476	chr1	55532031	55683128	chr1:55532031-55683128	USP24	0.0385668	2.88569	0.170427	2.4263	3.51577	0.401932	0.0664145	1.13772	0.253847	1.20154	2.50701	+
XLOC_000477	chr1	55532031	55683128	chr1:55532031-55683128	LOC100507634	0.392451	0.428064	0.194743	0.471886	1.38679	2.39172	0.191778	5.00576	1.24721	0.726703	1.5279	+
XLOC_000478	chr1	55691313	55691396	chr1:55691313-55691396	MIR4422	0	0	0	0	0	0	0	0	0	0	0	+
XLOC_000479	chr1	57110989	57181008	chr1:57110989-57181008	PRKAA2	0	0	0	0	0	0	0	0	0	0	0	+
XLOC_000480	chr1	57320442	57383894	chr1:57320442-57383894	C8A	0	0	0	0	0	0	0	0	0	0	0	+
XLOC_000481	chr1	57463578	58716211	chr1:57463578-58716211	DAB1-AS1	0	0	0	0	0	0	0	0	0	0	0	+
XLOC_000482	chr1	59250074	59369319	chr1:59250074-59369319	LINC01135	0.649923	0.423937	0.291149	0.889149	0.947231	0.31864	0.84737	1.25276	0.189961	1.50686	1.07231	+
XLOC_000483	chr1	59486097	59553919	chr1:59486097-59553919	LINC01358	3.63735	1.07849	0.793496	1.01906	0	0.442038	2.79926	0.98652	1.60662	0	1.6609	+
XLOC_000484	chr1	59762166	60232909	chr1:59762166-60232909	FGGY	2.5806	1.27195	2.33069	1.76055	4.04051	1.7778	4.65624	1.24049	2.56149	2.62671	1.56751	+
XLOC_000485	chr1	60238466	60254501	chr1:60238466-60254501	LOC101926944	0	0	0	0	0	0	0	0	0.164248	1.56682	0	+
XLOC_000486	chr1	60280532	60342050	chr1:60280532-60342050	HOOK1	1.4667	2.78154	1.84626	3.68703	2.45612	2.57806	4.37814	4.09525	1.66366	5.00145	0.419869	+
XLOC_000487	chr1	61542945	61928460	chr1:61542945-61928460	NFIA	0.103385	0.437779	3.06828	0.161201	0.0909672	0.177074	0.056872	0.640921	0.0595136	0.0970837	0	+
XLOC_000488	chr1	62119913	62121800	chr1:62119913-62121800	MGC34796	0	0.0364997	0	0	0	0	0	0.0645214	0	0	0.163842	+
XLOC_000489	chr1	62208083	62629926	chr1:62208083-62629926	INADL	0.677493	3.94268	0.596875	4.10572	4.71775	3.41966	1.28966	5.07079	2.89088	7.83059	6.62702	+
XLOC_000490	chr1	62208083	62629926	chr1:62208083-62629926	MIR3116-1	0	0	0	0	0	0	0	0	0	0	0	+
XLOC_000491	chr1	62659992	62678279	chr1:62659992-62678279	L1TD1	0.083143	2.1464	0.816875	5.53092	5.56114	0.443168	4.8027	6.20341	0.0397688	0.0630186	0.0310828	+
XLOC_000492	chr1	62901974	62917656	chr1:62901974-62917656	USP1	16.5927	9.27095	24.0386	13.6924	7.56177	11.0126	29.2499	10.9341	8.66812	14.0833	9.73525	+
XLOC_000493	chr1	62920396	63158446	chr1:62920396-63158446	ANGPTL3	0	0.0635143	0	0.121009	0.69799	0.02658	0.0383819	0.0435	0.0343484	0.027004	0.381736	+
XLOC_000494	chr1	62920396	63158446	chr1:62920396-63158446	NA	0.113306	0.192294	0	0.101443	0.291809	0.272409	0.0261774	0.113664	0.275175	0.213861	1.01269	+
XLOC_000495	chr1	63249579	63330952	chr1:63249579-63330952	ATG4C	9.93846	4.23663	7.62037	9.98334	4.7947	3.48434	22.4593	4.17402	2.54943	7.45032	5.40773	+
XLOC_000496	chr1	63786554	63790797	chr1:63786554-63790797	FOXD3	0	0	0	0	0	0	0	0	0	0	0	+
XLOC_000497	chr1	63833260	63988944	chr1:63833260-63988944	ALG6	11.4726	6.43623	12.1537	7.23182	7.92614	6.69716	11.6177	10.0792	5.0046	10.1971	5.96244	+
XLOC_000498	chr1	63988956	64038364	chr1:63988956-64038364	DLEU2L,EFCAB7	2.26688	1.7127	1.59255	1.70294	1.22022	1.1924	2.74768	1.39097	1.49621	2.16568	2.42788	+
XLOC_000499	chr1	64057814	64125916	chr1:64057814-64125916	PGM1	26.2938	4.08915	33.4161	5.46499	3.22722	8.3807	19.8753	4.95097	8.91862	4.93804	4.76534	+
XLOC_000500	chr1	64238979	64647302	chr1:64238979-64647302	ROR1	1.36653	4.11647	2.75012	17.3275	25.7655	8.11299	9.84397	18.2229	5.3842	14.5301	20.1091	+
