LOC	Chromosome	Start	End	gene.features.locus	Genes	S1	S2	S8	S9	S11	S4	S5	S6	S7	S10	S12	V7
XLOC_007972	chr13	25746961	25754139	chr13:25746961-25754139	LINC00463	0	0	0	0	0	0	0	0	0	0	0	-
XLOC_010147	chr15	43920187	44116987	chr15:43920187-44116987	SERINC4	11.1365	3.24143	4.90971	4.88603	8.24416	9.58265	7.783	8.12639	10.9458	4.50784	7.54843	-
XLOC_020484	chr3	167613735	167641797	chr3:167613735-167641797	LINC01330	0	0	0	0	0	0	0	0	0	0	0	+
XLOC_018242	chr20	42543125	42698254	chr20:42543125-42698254	TOX2	0.639207	0.060621	0.540828	0.33719	1.15547	2.30267	5.75	21.2632	6.39748	2.55408	4.52095	+
XLOC_018387	chr20	168493	170322	chr20:168493-170322	DEFB128	0	0	0	0	0	0	0	0	0	0	0	-
XLOC_006997	chr12	57316937	57328189	chr12:57316937-57328189	SDR9C7	0	0	0	0	0	0	0	0	0	0	0	-
XLOC_002676	chr1	35305355	35306685	chr1:35305355-35306685	NA	0	0	0	0.0890274	0.0969137	0.0381214	0	0	0.0506036	0.986821	0	.
XLOC_014558	chr19	47759730	47793304	chr19:47759730-47793304	CCDC9,INAFM1	15.3618	18.5748	15.9659	10.7428	38.0962	21.238	12.03	40.2624	24.1858	13.6441	35.4506	+
XLOC_007076	chr12	76438753	76478930	chr12:76438753-76478930	NAP1L1	316.578	79.6193	209.557	102.901	81.7761	136.319	234.62	79.7282	144.619	66.6196	63.9666	-
XLOC_000865	chr1	155100348	155107386	chr1:155100348-155107386	EFNA1	0	0.0469567	0	0	0	0.128708	0.142339	0.152647	0.0827907	0.0476261	0	+
XLOC_017758	chr2	96195037	96198045	chr2:96195037-96198045	NA	0.175759	0.0261874	0.078255	0.230249	0	0.0301182	0.0543256	0.0476506	0.0199492	1.40805	0	.
XLOC_000351	chr1	41151080	41237881	chr1:41151080-41237881	NFYC	17.5892	12.703	20.4778	17.1736	15.0163	15.6398	20.6218	9.1633	15.4249	11.837	11.5055	+
XLOC_015316	chr19	44035699	44079738	chr19:44035699-44079738	XRCC1	9.5495	5.21044	9.31142	5.79071	5.16304	7.49116	6.75885	4.88568	8.16447	6.33015	8.24636	-
XLOC_029070	chr8	98787808	98864830	chr8:98787808-98864830	LAPTM4B	0.629638	0.204449	7.15671	0	0.11064	0.424186	1.1004	0.520229	0.368943	0.314314	1.52374	+
XLOC_009378	chr14	50378328	50379665	chr14:50378328-50379665	NA	0.2127	1.2709	0.0962126	0.353592	0.384847	0.265156	0	0	0.0502813	0.979891	0	.
XLOC_032198	chrX	106143292	106174091	chrX:106143292-106174091	RIPPLY1	0	0	0	0	0	0	0	0	0	0	0	-
XLOC_015184	chr19	35084345	35085490	chr19:35084345-35085490	SCGB2B2	0	0	0	0	0	0.194908	0	0	0	0	0	-
XLOC_009005	chr14	31359856	31677979	chr14:31359856-31677979	HECTD1	6.25814	16.2648	8.67923	19.0444	14.9058	15.4637	6.70203	13.2889	14.6691	14.235	14.1046	-
XLOC_012553	chr17	1471995	1536406	chr17:1471995-1536406	SLC43A2	27.8598	13.4065	12.9747	11.9167	15.201	11.4756	20.2064	13.6018	13.9482	5.37638	12.4518	-
XLOC_015744	chr1_gl000192_random	429709	468683	chr1_gl000192_random:429709-468683	CH17-408M7.1	0	0	0	0	0	0	0	0	0	0	0	-
XLOC_011452	chr16	30003641	30024917	chr16:30003641-30024917	INO80E	0	0.320158	0.08521	0.352124	0.611775	0.318987	0	0.207998	0.46605	0.777848	0.978139	-
XLOC_032395	chrX	153285370	153285440	chrX:153285370-153285440	MIR718	0	0	0	0	0	0	0	0	0	0	0	-
XLOC_011991	chr17	10531842	10718481	chr17:10531842-10718481	TMEM220-AS1	0.241831	2.40945	0.574472	1.3567	1.94927	0.819417	1.22233	0.312532	2.41106	0.795826	0.814054	+
XLOC_022007	chr4	160024177	160281368	chr4:160024177-160281368	MIR3688-2	0	0	0	0	0	0	0	0	0	0	0	+
XLOC_001559	chr1	27992571	27998724	chr1:27992571-27998724	IFI6	23.7987	15.6329	10.6477	5.73617	19.6045	19.7857	20.6144	16.378	17.5677	22.0458	3.46342	-
XLOC_022515	chr4	170015406	170192249	chr4:170015406-170192249	SH3RF1	0.100322	0.330752	0.28455	0	0.016619	0.193727	0.0476606	0.0234681	0.355083	0.0439081	0.0579013	-
XLOC_011631	chr16	72150110	72206349	chr16:72150110-72206349	PMFBP1	0	0.140272	0.145252	0.0331762	0.190461	0.431445	0.0635153	0.167418	0.0965974	0.333837	0.772219	-
XLOC_018711	chr20	61193440	61202889	chr20:61193440-61202889	NA	0	0.137845	3.72262	0	0	0.025549	0	0.307941	0.0431533	0.0463696	0.08344	-
XLOC_022975	chr5	79615789	79617660	chr5:79615789-79617660	SPZ1	0	0	0	0	0	0	0	0	0	0	0	+
XLOC_028857	chr8	23145438	23263024	chr8:23145438-23263024	R3HCC1	35.4429	3.25443	24.7876	4.05474	3.27396	9.58196	29.0094	3.77385	9.37586	4.82839	5.81044	+
XLOC_006740	chr12	10222152	10251664	chr12:10222152-10251664	CLEC1A	0	0.372905	0.0545148	0	0	0.108631	0.0866583	0.0628345	0.0679293	0	0	-
XLOC_006343	chr12	58087737	58135974	chr12:58087737-58135974	OS9	173.584	40.9829	126.982	44.1756	51.2609	46.4377	97.8706	20.6921	64.8497	32.7967	36.8118	+
XLOC_019050	chr21	34860361	34864030	chr21:34860361-34864030	DNAJC28	0.406162	0.250636	0.225353	0.377292	0.105031	0.130807	0.947174	0	0.260261	0.631036	0.506411	-
XLOC_001515	chr1	23624673	23670955	chr1:23624673-23670955	HNRNPR	11.1748	17.3697	17.4677	20.793	14.3667	26.4052	18.5652	17.0713	18.81	24.3068	13.5904	-
XLOC_025644	chr6	14286470	14287505	chr6:14286470-14287505	NA	0	0.305452	0	0.635936	1.25948	0	0.0933317	2.36119	0	0	1.75972	.
XLOC_021144	chr3	151967058	152189527	chr3:151967058-152189527	MBNL1	0.883638	7.74601	2.40436	6.54767	9.06685	1.45878	1.97013	3.37313	4.63153	3.81594	3.25203	-
XLOC_005449	chr11	63527363	63536113	chr11:63527363-63536113	C11orf95	0.366732	0.921605	0.66213	1.06393	1.86044	1.49319	0.777253	0.300473	1.20353	0.451875	1.05147	-
XLOC_000150	chr1	16160709	16302735	chr1:16160709-16302735	SPEN	2.86631	23.8021	7.03853	21.7789	50.561	16.9427	3.7655	26.0834	38.8773	22.5261	23.2886	+
XLOC_020937	chr3	100053533	100175170	chr3:100053533-100175170	TOMM70A	13.7007	5.33737	10.2819	7.95657	6.19073	10.3334	20.4404	5.67897	7.90733	11.729	5.46368	-
XLOC_009238	chr14	95234559	95236499	chr14:95234559-95236499	GSC	0	0	0	0	0	0.346903	0.137523	0.156886	0.270174	0	0	-
XLOC_008853	chr14	101521755	101521828	chr14:101521755-101521828	MIR485	0	0	0	0	0	0	0	0	0	0	0	+
XLOC_007720	chr13	37573977	37633850	chr13:37573977-37633850	EXOSC8	12.3497	8.66323	10.5937	14.1812	11.2295	16.1864	14.7772	9.07839	12.7331	12.6979	12.8819	+
XLOC_028683	chr7	140181991	140182591	chr7:140181991-140182591	NA	0	0	0	0.688635	0	0.342608	0	0.476173	0.305198	3.16205	0	.
XLOC_029477	chr8	70584567	70747299	chr8:70584567-70747299	SLCO5A1	0	0.0231161	0.369086	0	0	0.0274955	0.0228033	0.500595	0	0.313993	0	-
XLOC_024102	chr5	111884886	111887041	chr5:111884886-111887041	NA	0.0627321	0.270029	0	0.919774	0	0.108735	0.0783367	0	0.259433	0.0827968	0.120377	.
XLOC_025283	chr6	56137688	56819426	chr6:56137688-56819426	RNU6-71P	0	0	0	0	0	0	0	0	0	0	0	-
XLOC_029223	chr8	1919562	1955109	chr8:1919562-1955109	KBTBD11-OT1	0	0.0374423	0.106128	0	0.0553687	0.360455	0.0763977	0.202348	1.05513	0.159426	0	-
XLOC_019229	chr22	19117791	19132204	chr22:19117791-19132204	TSSK2	0.135072	0.255593	0.300371	0.386168	0.0713362	0.111376	0.540504	0.641036	0.186364	0.255771	0.610971	+
XLOC_004822	chr11	74459912	74660232	chr11:74459912-74660232	RNF169	1.39564	7.81193	3.30484	7.89011	6.27078	6.32739	1.35942	4.27053	6.18836	8.23398	6.54893	+
XLOC_014509	chr19	44598481	44617336	chr19:44598481-44617336	ZNF224	0.650947	5.18816	1.34736	4.69883	4.82001	3.97372	0.877914	3.77433	3.78159	5.56261	3.73668	+
XLOC_024994	chr6	19068773	19180711	chr6:19068773-19180711	LOC101928519	0	0.0360948	0	0	0	0	0	0	0	0	0	-
XLOC_006681	chr12	4593782	4647674	chr12:4593782-4647674	C12orf4	8.76371	2.87309	5.82603	3.59484	2.29124	1.43008	7.59196	0.601474	2.36376	3.59382	1.75815	-
XLOC_002742	chr1	83586220	83588631	chr1:83586220-83588631	NA	0	0.202678	0	0.254434	0.41013	0.0191893	0	0.0613423	0	0.544203	1.89641	.
XLOC_031476	chrX	47229998	47273098	chrX:47229998-47273098	ZNF157	0	0.140534	0	0.0870451	0.124578	0.0487326	0.0929724	0.128506	0.133143	0.120103	0	+
XLOC_015370	chr19	46984044	47123039	chr19:46984044-47123039	PPP5D1	0.34312	0.286739	0.0993691	0	0.809686	0.434996	0.413301	0	0.220128	0.306796	0.114566	-
XLOC_026474	chr6_mann_hap4	927717	943106	chr6_mann_hap4:927717-943106	MOG	0	0	0	0	0	0	0	0	0	0	0	+
XLOC_003725	chr10	46733003	46762892	chr10:46733003-46762892	BMS1P5	0.284198	1.0783	0.255946	0.961007	1.28276	0.522942	0.0671059	0.814908	0.330925	0.378318	0.386915	-
XLOC_022683	chr4	76627999	76629043	chr4:76627999-76629043	NA	0	0.200987	0	0.125545	0.414215	0	0	0.17933	0	1.17439	0	.
XLOC_015644	chr19	19950214	19950923	chr19:19950214-19950923	NA	0	0.389286	0	2.41589	0	0.0879928	0	0	0	0	0	.
XLOC_030630	chr9	35658279	35665278	chr9:35658279-35665278	ARHGEF39	3.6285	0.962635	2.98016	0.67302	1.83541	2.13793	1.12961	2.04701	1.29793	1.67323	1.74483	-
XLOC_028618	chr7	77156548	77157126	chr7:77156548-77157126	NA	0	3.33915	0	1.88088	0.888874	0.485986	0.214175	0.517845	0.162431	1.56433	0	.
XLOC_032039	chrX	51242760	51250293	chrX:51242760-51250293	LINC01496	0	0.355375	0	0	0	0	0	0	0	0	0	-
XLOC_025654	chr6	14338024	14339727	chr6:14338024-14339727	NA	0	0.10296	0	0.193628	0.279136	0	0	2.69845	0	0	0.321748	.
XLOC_020575	chr3	191143312	191308145	chr3:191143312-191308145	LINCR-0002	0	0	0	0	0	0	0	0	0	0	0	+
XLOC_027643	chr7	128577940	128697293	chr7:128577940-128697293	IRF5	33.6864	8.24854	20.8357	15.5377	18.5633	14.0003	31.8494	12.8118	10.8	14.5442	16.8544	+
XLOC_015053	chr19	13316875	13617274	chr19:13316875-13617274	CACNA1A	2.5611	0.379668	0.35495	0.50486	0.132327	0.129242	0.0933144	0.107523	0.129677	0.206536	0.415171	-
XLOC_027394	chr7	65338256	65424550	chr7:65338256-65424550	VKORC1L1	3.41515	2.33654	5.06875	3.42769	1.9459	1.45464	3.85062	1.35637	2.53356	4.9618	2.30532	+
XLOC_025399	chr6	109307495	109416222	chr6:109307495-109416222	SESN1	17.0895	15.8982	7.15985	13.9403	5.47213	16.5104	15.4413	23.0654	8.85795	24.3483	6.68026	-
XLOC_004911	chr11	103720633	103720708	chr11:103720633-103720708	MIR4693	0	0	0	0	0	0	0	0	0	0	0	+
XLOC_008075	chr13	48870648	49057457	chr13:48870648-49057457	LPAR6	20.5877	11.7382	9.99876	4.31812	4.91829	7.57828	39.6991	8.49694	3.88303	3.08815	3.00313	-
XLOC_012511	chr17	79008946	79156964	chr17:79008946-79156964	AATK-AS1	0	0	0	0	0	0	0	0	0	0.0417757	0	+
XLOC_017196	chr2	165536694	165812035	chr2:165536694-165812035	SLC38A11	0	0.117791	0	0.0800444	0	0	0	0	0	0	0	-
XLOC_029734	chr8	145597703	145642583	chr8:145597703-145642583	CPSF1,MIR939,SLC39A4	35.616	21.7299	37.8506	26.5365	33.6754	33.2073	24.3045	17.3046	35.0503	33.3735	32.7152	-
XLOC_015430	chr19	49866986	49891338	chr19:49866986-49891338	DKKL1	0	0.119771	0	0.0092068	0	0.0958459	0.0567556	0	0.00696361	0.168188	0	-
XLOC_020547	chr3	184880688	184971886	chr3:184880688-184971886	EHHADH-AS1	0	0	0	0	0	0	0	0	0	0	0	+
XLOC_016621	chr2	242716239	242744772	chr2:242716239-242744772	GAL3ST2	0.0551593	0.0656705	0	0.168197	0.197379	0.150544	0.0273162	0.758694	0	0.339256	0.616726	+
XLOC_013716	chr18	77866914	77898787	chr18:77866914-77898787	ADNP2	2.40692	5.66891	3.36275	4.27118	11.1909	10.991	3.52014	10.6846	5.51465	5.25342	12.2812	+
XLOC_004275	chr10	131585175	131599747	chr10:131585175-131599747	NA	0	0.577584	0.0334807	0.167466	0.627366	0.115715	0	0.080929	0.17029	0.597613	1.07257	.
XLOC_020494	chr3	170075472	170114778	chr3:170075472-170114778	SKIL	2.69097	5.98279	1.75073	4.98736	3.44206	4.32562	2.02812	5.03054	3.56238	6.23406	4.92422	+
XLOC_002961	chr1	221927942	221928787	chr1:221927942-221928787	NA	0	0.564176	0	0	0	0.0683969	0	2.73978	0	0	0	.
XLOC_006222	chr12	49740699	49747467	chr12:49740699-49747467	DNAJC22	0	0.0158548	0	0	0.0410311	0	0	0	0	0.017418	0.0477433	+
XLOC_031682	chrX	105412297	105452949	chrX:105412297-105452949	MUM1L1	0	0	0	0	0	0	0	0	0	0	0	+
XLOC_023734	chr5	134784557	134788089	chr5:134784557-134788089	TIFAB	0.346735	0	0.407707	0	0	0.0367661	0.532083	0	0	0	0	-
XLOC_031671	chrX	102883205	102885993	chrX:102883205-102885993	TCEAL1	13.3965	1.93132	11.6448	5.47968	4.90719	6.76423	11.2661	8.40884	4.26545	6.73847	7.80703	+
XLOC_020905	chr3	71820805	71834581	chr3:71820805-71834581	PROK2	1.94534	5.57012	16.2817	0.195134	0	7.73869	0.782753	3.43218	18.4222	0.0811809	0	-
XLOC_015508	chr19	52654450	52674937	chr19:52654450-52674937	ZNF836	1.902	1.66458	1.10722	2.36807	1.16861	2.42087	2.32319	1.12728	1.76047	3.04849	2.21904	-
XLOC_006917	chr12	52211675	52225701	chr12:52211675-52225701	FIGNL2	0	0.184982	0.055638	0	0.236907	0.111722	0.0173846	0.125597	0.110297	0.0533859	0	-
XLOC_010849	chr16	22825859	22927659	chr16:22825859-22927659	HS3ST2	0	0	0	0	0	0	0	0	0	0	0	+
XLOC_019604	chr22	29983974	29985456	chr22:29983974-29985456	NA	0	0	0.0904776	0.684137	0	0	0	0	0	0	0	-
XLOC_026912	chr6_qbl_hap6	826706	831021	chr6_qbl_hap6:826706-831021	UBD	0	0	0	0	0	0	0	0	0	0	0	-
XLOC_017101	chr2	122095349	122494578	chr2:122095349-122494578	NIFK	18.7659	5.41028	18.637	7.13193	3.56748	9.83667	28.7775	5.84082	5.9157	8.67675	6.50083	-
XLOC_019869	chr3	238278	451097	chr3:238278-451097	CHL1	0	0	0.113049	0.0490447	0	0.026519	0	0	0	0	0	+
XLOC_027748	chr7	143792200	143793133	chr7:143792200-143793133	OR2A12	0	0	0	0	0	0	0	0	0	0	0	+
XLOC_009509	chr14	106053440	106331757	chr14:106053440-106331757	NA	14.9773	0	1.03605	0	0	0	3.89249	0	0	0	0	.
XLOC_011062	chr16	68344876	68482409	chr16:68344876-68482409	PRMT7	22.8331	6.7919	18.3455	8.68061	7.50534	7.16318	19.7264	3.67055	8.5064	7.04072	7.30396	+
XLOC_022778	chr5	443333	473245	chr5:443333-473245	EXOC3	39.9178	15.9967	32.4244	15.5341	20.5197	18.2768	34.245	22.764	16.1231	14.8984	18.1139	+
XLOC_016200	chr2	120517206	120744061	chr2:120517206-120744061	PTPN4	1.52719	4.09734	3.04369	3.59548	1.71694	4.0127	5.4971	3.11779	2.06001	3.16272	1.75375	+
XLOC_023887	chr5	169618650	169626145	chr5:169618650-169626145	LINC01187	0	0.112765	0	0	0	0	0	0	0	0	0	-
XLOC_025489	chr6	138144806	138204451	chr6:138144806-138204451	LOC100130476	0.714501	1.38651	1.53987	0.586788	0.828738	4.99805	0.60394	14.2086	1.75753	1.07488	0.823964	-
XLOC_029008	chr8	73921083	74005507	chr8:73921083-74005507	TERF1	16.3635	5.1675	12.1508	5.9171	6.2412	6.4494	15.7778	3.72709	4.70729	6.57112	5.5307	+
