ID	chromosome_name	start_pos	end_pos	10824_S10	2707_S8	2980R_S9	3850R_S4	4229_S5	5452_S1	6242_S6	6296R_S7	7150_S6	7341R_S2	9577_S7
chr1,10000052:T:C	1	10000052	10000053	0	0	0	0	0	0	1	0	0	1	0
chr1,10000375:T:C	1	10000375	10000376	0	0	0	1	0	1	0	0	0	0	0
chr1,10000400:T:A	1	10000400	10000401	0	0	0	1	0	1	0	0	1	0	0
chr1,10000917:T:C	1	10000917	10000918	0	0	0	1	0	0	0	0	0	0	0
chr1,10001097:A:AT	1	10001097	10001098	0	1	0	0	0	0	0	0	0	0	0
chr1,10001235:TTTCG:T	1	10001235	10001236	0	0	1	0	0	0	0	1	0	1	0
chr1,10001239:G:T	1	10001239	10001240	0	0	0	1	0	0	0	0	0	0	0
chr1,10001265:C:CT	1	10001265	10001266	0	0	0	1	0	0	0	0.5	0	0	0
chr1,10001751:T:A	1	10001751	10001752	0	0	0	0	0	0	0	0	0	0.5	0
chr1,10001980:T:A	1	10001980	10001981	0	0	0	1	0	0	0	0	0	0	0
chr1,10001984:A:AT	1	10001984	10001985	0	0	0	1	0	0	0	0	0	0	0
chr1,10003320:G:A	1	10003320	10003321	1	0	1	1	1	1	0	1	1	1	0
chr1,10003877:GA:G	1	10003877	10003878	0	0	0	1	0	0	0	0	0	0	0
chr1,10003934:TAA:T	1	10003934	10003935	0	0	0	0	0	0	0	1	0	0	0
chr1,10004882:C:T	1	10004882	10004883	0	0	1	1	1	1	0	0	0	0	0
chr1,10005213:A:G	1	10005213	10005214	0	0	0	0.5	0	0	0	0	0	0	0
chr1,10005886:A:G	1	10005886	10005887	0	0	0	1	0	0	0	0	0	0	0
chr1,10005905:A:G	1	10005905	10005906	0	0	0	1	0	0	0	0	0	0	0
chr1,10008191:G:A	1	10008191	10008192	0	0	0	0	0	0	1	0	0	0	0
chr1,10008221:G:A	1	10008221	10008222	1	0	0	0	0	0	0	0	0	0	0
chr1,100083337:AC:A	1	100083337	100083338	0	0	0	1	0	0	0	0	0	0	0
chr1,10008430:C:T	1	10008430	10008431	1	0	0	0	0	0	0	0	0	0	0
chr1,10008451:A:G	1	10008451	10008452	1	0	0	0	0	0	0	0	0	0	0
chr1,10009714:A:G	1	10009714	10009715	0	0	0	0	1	0	0	0	0	0	0
chr1,10009728:A:G	1	10009728	10009729	0	0	0	0.5	1	0	0	0.5	1	0	0
chr1,10009734:A:G	1	10009734	10009735	0	0	0	0.5	0	0	0	0	0	0	0
chr1,10009749:A:G	1	10009749	10009750	0	0	0	0.5	0	0	0	0	0	0	0
chr1,10009761:A:G	1	10009761	10009762	0	0	0	0.5	0	0	0	0	0	0	0
chr1,10009788:A:G	1	10009788	10009789	0	0	0	0.5	0	0	0	0	0	0	0
chr1,10010251:T:C	1	10010251	10010252	0	0	0	0	0	0	0	0	0	1	0
chr1,10010287:T:C	1	10010287	10010288	0	0	0	0	0	0	0	0	0	1	0
chr1,10010376:T:C	1	10010376	10010377	0	0	0	0	0	0	0	0	0	1	0
chr1,1001076:C:T	1	1001076	1001077	0	0	0	0	0	0	0	0.5	0	0	0
chr1,1001177:G:C	1	1001177	1001178	0	0	0	1	0	0	1	1	0	1	1
chr1,10013957:A:G	1	10013957	10013958	1	0	0	0	0	0	0	0	0	0	0
chr1,1001446:TC:T	1	1001446	1001447	0	0	0	0	0	0	0	0	0	0.5	0
chr1,100145028:C:G	1	100145028	100145029	0	0	0	0	0	0	0	0	1	0	0
chr1,1001532:C:T	1	1001532	1001533	0	0	0	0	1	0	0	0	0	0	0
chr1,100170765:A:G	1	100170765	100170766	0	0	0	0	0	0	0	1	0	0	0
chr1,100171964:CA:C	1	100171964	100171965	0	0	0	1	0	0	0	0	0	0	0
chr1,100171964:CAA:C	1	100171964	100171965	0	0	0	0	0	0	0	0	1	0	0
chr1,100172997:T:C	1	100172997	100172998	0	0	0	0.5	0	0	0	0	0	0	0
chr1,100175858:A:G	1	100175858	100175859	1	0	0	0	0	0	0	0	0	0	0
chr1,10018743:A:G	1	10018743	10018744	0	0	1	0	0	0	0	0	0	0	0
chr1,10019333:A:G	1	10019333	10019334	0	0	0	0	0	0	1	0	0	0	0
chr1,10019338:A:G	1	10019338	10019339	0	0	0	0	0	0	1	0	0	0	0
chr1,100197553:A:T	1	100197553	100197554	0	0	0	0	0	0	0	1	0	0	0
chr1,100197604:T:C	1	100197604	100197605	0	0	0	0	0	0	0	1	0	0	0
chr1,100199630:AAT:A	1	100199630	100199631	0	0	0	0	0	0	0	1	0	0	0
chr1,100202588:C:T	1	100202588	100202589	1	0	0	0	0	0	0	0	0	0	0
chr1,100202601:A:C	1	100202601	100202602	1	0	0	0	0	0	0	0	0	0	0
chr1,100202602:C:CCCTT	1	100202602	100202603	1	0	0	0	0	0	0	0	0	0	0
chr1,100202723:G:A	1	100202723	100202724	0	0	0	0.5	0	0	0	0	0	0	0
chr1,100202829:T:TA	1	100202829	100202830	1	0	0	0	0	0	0	0	0	0	0
chr1,100202843:C:G	1	100202843	100202844	1	0	0	0	0	0	0	0	0	0	0
chr1,1002072:A:C	1	1002072	1002073	0	0	0.5	0	0	0	0	0	0	0	0
chr1,1002077:T:G	1	1002077	1002078	0	0	0.5	0	0	0	0	0	0	0	0
chr1,1002078:C:G	1	1002078	1002079	0	0	0.5	0	0	0	0	0	0	0	0
chr1,1002084:T:G	1	1002084	1002085	0	0	0.5	0	0	0	0	0	0	0	0
chr1,10020894:T:G	1	10020894	10020895	1	0	0	0	0	0	0	0	0	0	0
chr1,1002090:A:T	1	1002090	1002091	0	0	0.5	0	0	0	0	0	0	0	0
chr1,100214487:C:T	1	100214487	100214488	0	0	0	0.5	0	0	0	0	0	0	0
chr1,10023391:C:G	1	10023391	10023392	0	0	1	0	0	0	0	0	0	0	0
chr1,1002387:A:G	1	1002387	1002388	0	0	1	0	0	0	0	0	0	0	0
chr1,1002434:C:T	1	1002434	1002435	0	0	0	1	0	0	0	1	0	1	1
chr1,1002539:G:A	1	1002539	1002540	0.5	0	1	0	0	0	1	0	0	0	0
chr1,10027540:G:A	1	10027540	10027541	1	0	0	0	0	0	0	0	0	0	0
chr1,10027646:A:G	1	10027646	10027647	1	0	0	0	0	0	0	0	0	0	0
chr1,10028572:G:C	1	10028572	10028573	1	0	0	0	0	0	0	0	0	0	0
chr1,1002932:C:G	1	1002932	1002933	0	0	0	1	0	0	1	1	0	0	1
chr1,1003053:C:T	1	1003053	1003054	0	0	0	1	0	0	0	1	0	0	1
chr1,100311750:C:CT	1	100311750	100311751	0	0	0	0	0	0	0	0	0	1	0
chr1,10031632:A:G	1	10031632	10031633	0	0	0.5	0	0	0	0	0	0	0	0
chr1,10031644:A:G	1	10031644	10031645	0	0	0.5	0	0	0	0	0	0	0	0
chr1,100316589:A:G	1	100316589	100316590	0	0	0	1	1	1	0.5	1	1	0.5	1
chr1,100318700:G:A	1	100318700	100318701	0	1	0	0	0	0	0	0	0	0	0
chr1,100319750:TAA:T	1	100319750	100319751	0	0	0	0	0	0	0.5	0	0	0	0
chr1,100322583:C:T	1	100322583	100322584	0	0	0	1	0	0	0	0	1	0	1
chr1,100322617:G:A	1	100322617	100322618	0	0	0	1	0	0	0	0	0	0	1
chr1,100322968:C:T	1	100322968	100322969	0	0	0	0	0	0	0	0	1	0	0
chr1,100323190:A:G	1	100323190	100323191	0	0	0	0	0	0	0	0	0	1	0
chr1,100324967:C:CCT	1	100324967	100324968	0	0	0	1	0	0	0	0	0	0	0
chr1,100326021:T:C	1	100326021	100326022	0	0	0	0	0	0	1	0	0	0	0
chr1,100326258:T:C	1	100326258	100326259	0	0	0	0	0	0	1	0	0	0	0
chr1,100326301:C:T	1	100326301	100326302	0	0	0	0	0	0	1	0	0	0	0
chr1,100327026:C:T	1	100327026	100327027	0	0	1	0	0	0	0	0	0	0	0
chr1,100327183:T:C	1	100327183	100327184	0	0.5	0	0	0	0	0	0	0	0	0
chr1,10032822:C:T	1	10032822	10032823	0	0	0	0	0	0	0	0.5	0	0	0
chr1,100328272:G:A	1	100328272	100328273	1	0	0	0	0	0	0	0	0	0	0
chr1,100328497:TA:T	1	100328497	100328498	0	0	0.5	0	0	0	0	0	0	0	0
chr1,100328542:G:A	1	100328542	100328543	0	0	1	0	0	0	0	0	0	0	0
chr1,100328644:T:C	1	100328644	100328645	0	0	0	0	0	0	0	0	0	0	1
chr1,100328895:A:G	1	100328895	100328896	0	0	0	0	0	0	0	0	0	0	1
chr1,100330112:A:G	1	100330112	100330113	0	0	0	0	0.5	0	0	0	0	0	0
chr1,100330237:A:G	1	100330237	100330238	1	0	0	0	0	0	0	0	0	0	0
chr1,10033027:C:CA	1	10033027	10033028	0	0	0	0	0	0	0	0	0	1	0
chr1,100330295:T:C	1	100330295	100330296	0	0	0	0	0	0	0	0	0	0	1
chr1,100332261:G:A	1	100332261	100332262	0	0	0	0	0	0	0	0	0	0	1
chr1,100334848:C:T	1	100334848	100334849	0	0	0	0	0	0	0	0	0	0	1
chr1,100335056:A:G	1	100335056	100335057	0	0	0	0	0	0	0	0	0	0	1
chr1,100336361:C:T	1	100336361	100336362	0.5	0	0.5	1	1	0	1	1	1	0.5	1
chr1,100336966:GCCC:G	1	100336966	100336967	0	0	0	0	0	0	1	0	0	0	0
chr1,100336966:GCCCC:G	1	100336966	100336967	1	0	0	0	0	0	0	0	0	0	0
chr1,100338055:A:G	1	100338055	100338056	0	0	0	0	0	0	0	1	0	1	0
chr1,100338090:CT:C	1	100338090	100338091	0	0	0	0	0	0	0	1	0	0	0
chr1,100338335:A:G	1	100338335	100338336	0	0	0	0	0	0	1	0	1	0.5	1
chr1,100338337:C:T	1	100338337	100338338	0	0	0	0	0	0	1	0	0	0	0
chr1,100338506:T:G	1	100338506	100338507	0	0	0	0	0	0	1	0	0	0	0
chr1,100338873:T:G	1	100338873	100338874	0	0	0	0	0	1	0	1	0	0	0
chr1,100339061:A:G	1	100339061	100339062	0	0	0	0	0	0	0	1	0	0	0
chr1,100339510:G:A	1	100339510	100339511	0	0	0.5	1	1	0	1	1	1	0	1
chr1,100339642:A:G	1	100339642	100339643	0	0	0	1	1	1	0	0	0	0	0
chr1,100339659:G:T	1	100339659	100339660	0	0	0	1	1	1	0	1	0	0	0
chr1,100339709:C:T	1	100339709	100339710	0	0	0	1	0	0	0	0	0	0	0
chr1,100339813:T:TA	1	100339813	100339814	0	0	1	0	0	0	0	0	0	0	0
chr1,10033996:A:G	1	10033996	10033997	1	0	0	0	0	0	0	0	0	0	0
chr1,100340150:G:GA	1	100340150	100340151	0	0	0	0	1	0	0	0	0	0	0
chr1,100340225:G:A	1	100340225	100340226	1	0	1	0	1	0	1	1	0	0.5	0
chr1,10034025:A:G	1	10034025	10034026	0.5	0	0	0	0	0	0	0	0	0	0
chr1,10034026:A:G	1	10034026	10034027	0.5	0	0	0	0	0	0	0	0	0	0
chr1,10034035:A:G	1	10034035	10034036	0.5	0	0	0	0	0	0	0	0	0	0
chr1,100340782:G:T	1	100340782	100340783	0	0.5	0	0	0	0	0	0	0	0	0
chr1,100341506:T:C	1	100341506	100341507	0	0	0	1	0	0	0	0	0	0	0
chr1,100342227:C:T	1	100342227	100342228	0	0	0	0	0	0	0	0	0	0	1
chr1,100342594:T:C	1	100342594	100342595	0	0	0	1	0	0	0	0	0	0	1
chr1,100342677:G:A	1	100342677	100342678	0	0	0	0	0	0	1	0	0	0	0
chr1,100342784:C:T	1	100342784	100342785	0	0	0	0	0	0	0	0	0	1	0
chr1,100342845:G:A	1	100342845	100342846	0	0	0	0	0	0	0	0	0	1	0
chr1,100343778:A:G	1	100343778	100343779	0	0	0	0	0	0	0	1	0	0	0
chr1,100344394:G:A	1	100344394	100344395	0	0	0	0	0	0	0	1	0	0	0
chr1,100345409:C:G	1	100345409	100345410	0	0	0	1	0	0	0	0	0	0	0
chr1,100347117:T:A	1	100347117	100347118	0	0	0	0	0.5	0	0	0	0	0	0
chr1,10034855:A:T	1	10034855	10034856	0	0	0	0	1	0	0	0	0	0	0
chr1,100349983:C:T	1	100349983	100349984	0	0.5	0	0	0	0	0	0	0	0	0
chr1,100350419:T:C	1	100350419	100350420	1	0	0	0	0	0	0	0	0	0	0
chr1,100351635:G:C	1	100351635	100351636	0	0	0	0	0	0	0	0	0	0	1
chr1,100351653:T:C	1	100351653	100351654	0	0	0	0	0	0	0	0	0	0	1
chr1,100352164:A:T	1	100352164	100352165	0	0	0	0	0	0	1	0	0	0	0
chr1,100352756:A:G	1	100352756	100352757	0	0	0	0	0	0	0	0	0	0	1
chr1,100353019:T:C	1	100353019	100353020	0	0	0	0	0	0	0.5	1	0	0	0
chr1,100353675:G:A	1	100353675	100353676	0	0	0	0	0	0	0	1	0	0	0
chr1,100356818:TG:T	1	100356818	100356819	0	0	0	0.5	0	0	0	0	0	0	0
chr1,1003629:C:T	1	1003629	1003630	1	0	1	1	0	0	1	1	0.5	1	1
chr1,100366226:C:T	1	100366226	100366227	0	0	0	0	0	0	0	0	0.5	0	0
chr1,100376448:G:A	1	100376448	100376449	0	0	0	0	0	0	0	0	0	1	0
chr1,100376456:T:A	1	100376456	100376457	0	0	0	0	0	0	0	0	0	1	0
chr1,100377973:T:C	1	100377973	100377974	0	0	0	0	0	0	0.5	0	0	0	0
chr1,100378024:ATCC:A	1	100378024	100378025	0	0	0	0	0.5	0	0	0	0	0	0
chr1,100378027:C:CA	1	100378027	100378028	0	0	0	0.5	0	0	0.5	0	0	0	0.5
chr1,100380037:A:G	1	100380037	100380038	0	0	0	0	0	0	0	0	0	1	0
chr1,100380251:T:A	1	100380251	100380252	0	0	0	1	0	0	0	0	0	0	1
chr1,100380468:A:G	1	100380468	100380469	0	0	0	0	1	0	0	0	0	0	0
chr1,100380621:T:C	1	100380621	100380622	0	0	0	0	0	0	0	0	0	1	0
chr1,100381167:T:TA	1	100381167	100381168	0	0	0	0	0	0	0	0.5	0	0	0
chr1,100381329:AAC:A	1	100381329	100381330	0	0	1	0	0	0	0	0	0	0	0
chr1,100381524:T:G	1	100381524	100381525	0	0	0	1	0	0	0	0	0	0	0
chr1,100381852:T:C	1	100381852	100381853	0	0	0	0	0	0	0	0.5	0	0	0
chr1,100381869:G:A	1	100381869	100381870	0	0	0	0	0	0	0	1	0	0	0
chr1,100382746:C:T	1	100382746	100382747	0	0.5	0	0	0	0	1	0	0	0	0
chr1,100383005:T:C	1	100383005	100383006	0	0	0	1	0	0	0	0	0	0	0
chr1,100383017:A:G	1	100383017	100383018	0	0	0	1	0	0	0	0	0	0	0
chr1,100384046:G:GT	1	100384046	100384047	0	0	1	0	0	0	0	0	0	0	0
chr1,100385309:T:C	1	100385309	100385310	0	0	0	0	0	0	0	1	0	0	0
chr1,100385633:A:T	1	100385633	100385634	0	0	0	0	0	0	0	0.5	0	0	0
chr1,100385889:TG:T	1	100385889	100385890	0	0	0	1	0	0	0	0	0	0	0
chr1,100385984:C:T	1	100385984	100385985	0	0	0	0.5	0	0	0	0	0	0	0
chr1,10038622:C:T	1	10038622	10038623	0	1	0	0	0	0	0	0	0	0	0
chr1,100386639:A:AT	1	100386639	100386640	0	0	0	0.5	0	0	0	0	0	0	0
chr1,100386672:G:T	1	100386672	100386673	0	0	0	0	0	0	0	0.5	0	0	0
chr1,100387479:G:T	1	100387479	100387480	0	0	0	0.5	1	1	0	0.5	1	0.5	1
chr1,100387837:CA:C	1	100387837	100387838	0	0	0	0.5	0	0	0	0	0	0	0
chr1,100387939:C:T	1	100387939	100387940	0	0.5	0	0.5	1	1	0.5	0.5	0	0	1
chr1,100387946:A:G	1	100387946	100387947	0	0.5	0	0	0	0	0.5	0	0	0	0
chr1,100388166:CATG:C	1	100388166	100388167	0	0.5	0	0	0	0	0	0	0	0	0
chr1,100388235:C:T	1	100388235	100388236	0	0.5	0	0.5	1	1	0	0.5	0	0.5	1
chr1,100388444:A:AT	1	100388444	100388445	0	0	0	0	0	0.5	0	0	0	0	0
chr1,100388503:A:C	1	100388503	100388504	0	0	0	0.5	1	1	0	0.5	0	0.5	1
chr1,100388538:C:CA	1	100388538	100388539	0	0	0	0	0	0.5	0	0	0	0	0
chr1,100388660:C:CT	1	100388660	100388661	0	0.5	0	0	0	0	0	0	0	0	0
chr1,100388748:T:C	1	100388748	100388749	0	0	0	0.5	1	1	0	0.5	0	0.5	1
chr1,100388992:C:CA	1	100388992	100388993	0	0.5	0	0	0	0	0	0	0	0	0
chr1,100391349:TC:T	1	100391349	100391350	0	0	1	0	0	0	0	0	0	0	0
chr1,1003984:T:C	1	1003984	1003985	0	0.5	0	0	0	0	0	0	0	0	0
chr1,1003990:T:C	1	1003990	1003991	0	0.5	0	0	0	0	0	0	0	0	0
chr1,1004008:T:C	1	1004008	1004009	0	0.5	0	0	0	0	0	0	0	0	0
chr1,10040233:A:G	1	10040233	10040234	0	0	0	0	0	0	0	0	1	0	0
chr1,100408750:T:A	1	100408750	100408751	0	0	0	1	0	0	0	0	0	0	0
chr1,1004127:C:G	1	1004127	1004128	0	0	1	0	0	0	0	1	0	0	0.5
chr1,1004181:C:A	1	1004181	1004182	0	0	1	1	0	0	0	1	0.5	0	1
chr1,10041848:CT:C	1	10041848	10041849	0	1	0	0	0	0	0	0	0	0	0
chr1,10041977:G:A	1	10041977	10041978	0.5	0	0	0	0	0	0	0	0	0	0
chr1,10041985:A:G	1	10041985	10041986	0.5	0	0	0	0	0	0	0	0	0	0
chr1,10041986:A:G	1	10041986	10041987	0.5	0	0	0	0	0	0	0	0	0	0
chr1,10041996:A:G	1	10041996	10041997	0.5	0	0	0	0	0	0	0	0	0	0
chr1,10042002:A:G	1	10042002	10042003	0.5	0	0	0	0	0	0	0	0	0	0
chr1,1004202:G:A	1	1004202	1004203	0	0	1	0.5	0	0	0	0.5	0	0	1
chr1,1004204:G:A	1	1004204	1004205	0	0	1	0.5	0	0	0	0.5	0	0	1
chr1,1004242:C:G	1	1004242	1004243	0	0	0	0.5	0	0	0	1	0	0	0
chr1,10042538:C:T	1	10042538	10042539	0	0	0	0	0	0.5	0	0	0	0	0
chr1,10042738:C:T	1	10042738	10042739	0	0	0	0	0	0	0.5	0	0	0	0
chr1,100428882:CT:C	1	100428882	100428883	1	0	0	0	0	0	0	0	0	0	0
chr1,10042910:A:G	1	10042910	10042911	0	0	0	0	0	0	0	0.5	0	0	0
chr1,10042937:A:G	1	10042937	10042938	0	0.5	0	0.5	0	0	0	0	0	0.5	0
chr1,10042955:A:G	1	10042955	10042956	0	0.5	0	0.5	0.5	0	0	0	0	0.5	0
chr1,10042977:A:G	1	10042977	10042978	0	0	0	0	0.5	0	0	0	0	0	0
chr1,10042987:A:G	1	10042987	10042988	0	1	0	0	0.5	0	1	0	0	0	0
chr1,10042988:A:G	1	10042988	10042989	0	1	0	0	0.5	0	1	0	0	0	0
chr1,10043043:A:G	1	10043043	10043044	0	1	0	0	0.5	0	1	0	0	0	0
chr1,10043049:A:G	1	10043049	10043050	0	0.5	0	0	0	0	0	0	0	0	0
chr1,10043053:A:G	1	10043053	10043054	0	0	0	1	0	0	0.5	0	0	0	0
chr1,10043076:A:G	1	10043076	10043077	0	0.5	0	0	0.5	0	0	0	0	0	0
chr1,10043079:A:G	1	10043079	10043080	0.5	0.5	0	0	0.5	0	0	0	0	0	0
chr1,10043089:A:G	1	10043089	10043090	0	0	0	0	0.5	0	0	0	0	0	0
chr1,10043095:T:C	1	10043095	10043096	0	0	0	0	0.5	0	0	0	0	0	0
chr1,10043142:G:A	1	10043142	10043143	0	1	1	0	1	0	0	0	0	0	0
chr1,10043143:A:G	1	10043143	10043144	0	1	0	0	0	0	0	0	0	0	0
chr1,10043198:A:G	1	10043198	10043199	0	0	0	0.5	0	0	0	0	0	0	0
chr1,10043257:C:CA	1	10043257	10043258	0	0	0	0	0.5	0	0	0	0	0	0
chr1,10043257:C:CAA	1	10043257	10043258	0	0	0	0.5	0	0	0	0	0	0	0
chr1,10043270:A:G	1	10043270	10043271	0	0	0	0	0.5	0	0	0	0	0	0
chr1,10043290:A:G	1	10043290	10043291	0	0	0	0	0.5	0	0	0	0	0	0
chr1,10043358:A:G	1	10043358	10043359	0	0	0	0	0.5	0	0	0	0	0	0
chr1,10043363:A:G	1	10043363	10043364	0	0	0	0	0.5	0	0	0	0	0	0
chr1,10043391:C:A	1	10043391	10043392	0	0	0	0	0	1	0	0	0	0	0
chr1,10043416:G:A	1	10043416	10043417	1	0.5	0	1	0	1	0	0	0	0	0
chr1,10043418:G:C	1	10043418	10043419	0	0.5	0	0	0	0	0	0	0	0	0
chr1,10043493:A:G	1	10043493	10043494	0	0	0	0	0	0	0	0.5	0	0	0
chr1,10043503:A:G	1	10043503	10043504	0	0.5	0	0	0	0	0	0	0	0	0
chr1,10043504:A:G	1	10043504	10043505	0	0.5	0	0	0	0	0	0	0	0	0
chr1,100435079:T:C	1	100435079	100435080	0	1	0	0	0	0	0	0	0	0	0
chr1,10043512:A:G	1	10043512	10043513	0	0.5	0	0	0	0	0	0	0	0	0
chr1,10043526:A:G	1	10043526	10043527	0	0.5	0	0	0	0	0	0	0	0	0
chr1,10043527:A:G	1	10043527	10043528	0	0.5	0	0	0	0	0	0	0	0	0
chr1,10043536:A:G	1	10043536	10043537	0	0.5	0	0	0	0	0	0	0	0	0
chr1,10043537:A:G	1	10043537	10043538	0	0.5	0	0	0	0	0	0	0	0	0
chr1,10043552:A:G	1	10043552	10043553	0.5	0	0	0	0	0	0	0	0	0	0
chr1,100435587:A:G	1	100435587	100435588	0	0	0	0	0	0	0	0	0	0.5	0
chr1,10043564:A:G	1	10043564	10043565	0	0	0	1	0	0	0	0	0	0	0
chr1,10043567:A:G	1	10043567	10043568	0	0	0	1	0	0	0	0	0	0	0
chr1,100435685:G:A	1	100435685	100435686	0	0.5	0	0	0	0	0.5	0	0	0	0
chr1,10043593:A:G	1	10043593	10043594	0.5	1	0	0	0	0	0	0	0	0	0
chr1,10043603:A:G	1	10043603	10043604	0	0.5	0	0	0	0	0	0	0	0	0
chr1,100440041:C:CT	1	100440041	100440042	0	0	0.5	0	0	0	0	0	0	0	0
chr1,100440575:C:T	1	100440575	100440576	0	0	0	0	0.5	0	0	0	0	0	0
chr1,100440622:C:G	1	100440622	100440623	0	0	0	0	0	0	1	0	0	0	0
chr1,100440624:A:G	1	100440624	100440625	0	0	0	0	0	0	1	0	0	0	0
chr1,10044111:G:GT	1	10044111	10044112	0	0	0	1	0	0	0	0	0	0	0
chr1,100441344:A:G	1	100441344	100441345	0	0	0	0	0	0	0	0	0	1	0
chr1,100441361:A:G	1	100441361	100441362	0	0	0	0	0	0	0	0	0	1	0
chr1,10044137:A:G	1	10044137	10044138	0.5	0	0	0	0	0	0	0	0	0	0
chr1,10044223:A:G	1	10044223	10044224	0.5	0	0	0	1	0	0	0	0	0	0
chr1,10044245:A:G	1	10044245	10044246	0	0	0	0	0	1	0	0	0	0	0
chr1,10044271:A:G	1	10044271	10044272	0.5	0	0	0	0	0	0	0	0	0	0
chr1,100442751:A:G	1	100442751	100442752	0	0	0	0	0	0	0	1	0	0	0
chr1,100442764:A:G	1	100442764	100442765	0	0	0	0	0	0	0	1	0	0	0
chr1,10044279:A:G	1	10044279	10044280	0	0	0	0	1	0	0	0	0	0	0
chr1,10044285:A:G	1	10044285	10044286	0.5	0	0	0	1	0	0	0	0	0	0
chr1,100443008:A:G	1	100443008	100443009	0	0	0	0	0	0	0	0	0	0	1
chr1,10044310:A:G	1	10044310	10044311	0.5	0	0	0	1	0	0	0.5	0	0	0.5
chr1,100443200:A:G	1	100443200	100443201	0	0	0	0	0	0	0	0	0	1	1
chr1,100443279:A:G	1	100443279	100443280	0	0	0	0	0	0	0	0	0	1	0
chr1,100443280:A:G	1	100443280	100443281	0	0	0	0	0	0	0	0	0	1	0
chr1,100443284:A:G	1	100443284	100443285	0	0	0	0	0	0	0	0	0	1	0
chr1,10044367:A:G	1	10044367	10044368	0	0	0.5	0	0.5	0	0	0	0	0	0
chr1,10044379:A:G	1	10044379	10044380	0.5	0	0	1	0	0	0	0	0	0	0
chr1,10044385:A:G	1	10044385	10044386	0	0.5	0	0	0	1	0	0	0	0	0
chr1,100443903:A:G	1	100443903	100443904	0	0	0	0	0	0	0	0	0	0	0.5
chr1,100443914:T:TA	1	100443914	100443915	0	0	0	0	0	0	0	0	0	0	0.5
chr1,100443927:A:G	1	100443927	100443928	0	0	0	0	0	0	0	0	1	0	0.5
chr1,100443928:A:G	1	100443928	100443929	0	0	0	0	0	0	0	0	1	0	0
chr1,100443930:A:G	1	100443930	100443931	0	0	0	0	0	0	0	0	0	0	0.5
chr1,100443931:A:G	1	100443931	100443932	0	0	0	0	0	0	0	0	0	0	0.5
chr1,100445350:A:G	1	100445350	100445351	0	0	0	0	0	0	0	0	0	0	1
chr1,100445413:A:G	1	100445413	100445414	0	0	0	0	0	0	0	0	0	0	1
chr1,100445435:A:G	1	100445435	100445436	0	0	0	0	0	0	0	0	0	0	1
chr1,100445438:A:G	1	100445438	100445439	0	0	0	0	0	0	0	0	0	0	1
chr1,100445446:A:G	1	100445446	100445447	0	0	0	0	0	0	0	0	0	0	1
chr1,100445480:A:G	1	100445480	100445481	0	0	0	0	0	0	0	0	0	1	0
chr1,100446008:C:G	1	100446008	100446009	0	0	0	0	0	0	0.5	0	0	0	0
chr1,100446292:T:TAA	1	100446292	100446293	0	0	0	0	0	0	0.5	0	0	0	0
chr1,100449359:A:G	1	100449359	100449360	0	0	0	0	0	0	0	0	1	0	0
chr1,100449362:A:G	1	100449362	100449363	0	0	0	0	0	0	0	0	1	0	0
chr1,100449364:A:G	1	100449364	100449365	0	0	0	0	0	0	0	0	1	0	0
chr1,100449369:A:G	1	100449369	100449370	0	0	0	0	0	0	0	0	1	0	0
chr1,100449438:A:G	1	100449438	100449439	0	0	0	0	0	0	0	0	0.5	0	0
chr1,100449439:A:G	1	100449439	100449440	0	0	0	0	0	0	0	0	0.5	0	0
chr1,10045152:C:G	1	10045152	10045153	1	0.5	0	1	1	1	0	0	1	1	0
chr1,10045677:T:C	1	10045677	10045678	0.5	0	0	0	0	0	0	0	0	0	0
chr1,10045760:A:G	1	10045760	10045761	0.5	0	0	0	1	0	0	0	0	0	0
chr1,10045782:A:G	1	10045782	10045783	0.5	0	0	0	0	0	0	0	0	0	0
chr1,10045784:A:G	1	10045784	10045785	0.5	0	0	0	1	0	0	0	0	0	0
chr1,10045821:A:G	1	10045821	10045822	0	0	0	0	1	0	0	0	0	0	0
chr1,10045825:A:G	1	10045825	10045826	0	0	0	0	1	0	0	0	0	0	0
chr1,10045850:A:G	1	10045850	10045851	0	0	0	0	1	0	0	0	0	0	0
chr1,10045860:A:G	1	10045860	10045861	0	0	0	0	1	0	0	0	0	0	0
chr1,10045887:A:G	1	10045887	10045888	0	0	0	0	0	0	0	1	0	0	0
chr1,10045895:A:G	1	10045895	10045896	0	0	0	0	0	0	0	0	0	1	0
chr1,10045897:A:G	1	10045897	10045898	0	0	0	0	0	0	0	1	0	0	0
chr1,100459108:A:G	1	100459108	100459109	0	0	0	0	0	0	0.5	0	0	0	0
chr1,10045967:A:G	1	10045967	10045968	0	0	0	0	0	1	0	0	0	0	0
chr1,10045968:A:G	1	10045968	10045969	0	0	0	0	0	1	0	0	0	0	0
chr1,100460716:C:CT	1	100460716	100460717	0	1	0	0	0	0	0	0	0	0	0
chr1,10046214:C:T	1	10046214	10046215	0.5	0	1	1	0	0	0	1	0	1	0
chr1,100462171:A:G	1	100462171	100462172	0.5	0	0	0	1	0	0	0	0	0	0
chr1,100462173:A:G	1	100462173	100462174	0	0	0	0	1	0	0	0	0	0	0
chr1,100462213:A:G	1	100462213	100462214	1	0	0	0	1	0	0	0	0	0	0
chr1,100462966:TTATATATATATATATATATATATATATATATATA:T	1	100462966	100462967	0	0	0	0	0	0	0	0	0	0	1
chr1,100463367:A:T	1	100463367	100463368	0	0	0	1	0	0	0	0	0	0	0
chr1,100463888:A:T	1	100463888	100463889	0	0	0	0	0	0	1	0	0	0	0
chr1,100464171:T:C	1	100464171	100464172	0	0	0	1	0	0	0	0	0	0	0
chr1,100465364:T:G	1	100465364	100465365	0	0	0	0	0	0	0.5	0	0	0	0
chr1,100465367:C:CT	1	100465367	100465368	0	0	0	0	0	0	0.5	0	0	0	0
chr1,100466356:A:T	1	100466356	100466357	0	0	0	0	0	0	0	0	0	0	0.5
chr1,10046734:A:G	1	10046734	10046735	0	0	0	0	0	0	0	0.5	0	0	0
chr1,10046739:A:G	1	10046739	10046740	0	0	0	0	0	0	0	0.5	0	0	0
chr1,10046754:A:G	1	10046754	10046755	0	0	0	0	0	0	0	0.5	0	0	0
chr1,10046761:A:G	1	10046761	10046762	0	0	0	0	0	0	0	0.5	0	0	0
chr1,10046762:A:G	1	10046762	10046763	0	0	0	0	0	0	0	0.5	0	0	0
chr1,10046764:A:G	1	10046764	10046765	0	0	0	0	0	0	0	0.5	0	0	0
chr1,10046779:A:G	1	10046779	10046780	0	0	0	0	0	0	0	0.5	0	0	0
chr1,10046819:A:G	1	10046819	10046820	0	0	0	0	0	0	0	1	0	0	0
chr1,100468242:A:G	1	100468242	100468243	0	0	0	0	0	0	1	0.5	0	0.5	0.5
chr1,100468252:A:G	1	100468252	100468253	0	0	0	0.5	0	0	0	0	0	0	0
chr1,100468259:A:G	1	100468259	100468260	0.5	0	0	0	0	0	0	0	0	0	0
chr1,100468276:A:G	1	100468276	100468277	0	0	0	0	0	0	0	0.5	0	0.5	0
chr1,100468290:A:G	1	100468290	100468291	0	0	0	0.5	0	0	0	0	0	0	0
chr1,100468310:A:G	1	100468310	100468311	0	0	0	0	0	0	0	0	0	0.5	0
chr1,10046833:A:G	1	10046833	10046834	0	0	0	0.5	0	0	0	0	0	0	0
chr1,100468406:A:G	1	100468406	100468407	0	0	0	0.5	0	0	0	0.5	0	0	0
chr1,100468431:A:G	1	100468431	100468432	0	0	0	0	0	0	0	0	0	0	0.5
chr1,100468453:A:G	1	100468453	100468454	0	0	0	0	0	0	0	0	0	0	0.5
chr1,100468560:A:G	1	100468560	100468561	0	0	0	0	0	0	1	0	0	0	0
chr1,100468639:G:T	1	100468639	100468640	0	0	1	0	0	0	0	0	0	0	0
chr1,100468722:A:G	1	100468722	100468723	0	0	0	0.5	0	0	0	0	0	0	0
chr1,100468757:A:G	1	100468757	100468758	0	0	0	0	0	0	0.5	0	0	0	0
chr1,10046879:A:G	1	10046879	10046880	0	0	0	1	0	0	0	0	0	0	0
chr1,10046885:A:G	1	10046885	10046886	0	0	0	1	0	0	0	0	0	0	0
chr1,100468852:A:G	1	100468852	100468853	0	0	0	0	0	0	0	0	0	1	0
chr1,10046897:G:A	1	10046897	10046898	0	0	0	0	0	1	0	0	0	0	0
chr1,10046939:C:CAA	1	10046939	10046940	0	0	0	0	0	0	0	0	0	1	0
chr1,100469790:G:A	1	100469790	100469791	0	0	0	0.5	0	0	0	0	0	0	0
chr1,10046993:A:G	1	10046993	10046994	0	0	0	0	0	0	0	1	0	0	0
chr1,100470032:A:AT	1	100470032	100470033	0	0	0	0	0	0	0	0	0.5	0	0
chr1,10047012:TG:T	1	10047012	10047013	1	0	0	0	0	0	0	0	0	0	0
chr1,10047021:A:G	1	10047021	10047022	0	0	0	0	0	0	0	1	0	0	0
chr1,10047068:A:G	1	10047068	10047069	0	0	0	0	1	0	0	0	0	0	0
chr1,10047069:A:G	1	10047069	10047070	0	0	0	0	1	0	0	0	0	0	0
chr1,10047082:C:T	1	10047082	10047083	0	0	0	0	0	0	0	0.5	0	0	0
chr1,100472358:T:C	1	100472358	100472359	0	0	0	0	0	0	0.5	0	0	0	0
chr1,100472537:G:GAACA	1	100472537	100472538	0	0	0	0	0	0	0.5	0	0	0	0
chr1,100472604:A:G	1	100472604	100472605	0	0.5	0.5	0	0	0	0.5	0	0	0	0
chr1,100472876:T:C	1	100472876	100472877	0	0.5	0	0	0	0	0	0	0	0	0
chr1,100472877:G:T	1	100472877	100472878	0	0.5	0	0	0	0	0	0	0	0	0
chr1,10047306:A:G	1	10047306	10047307	0	0	0	0	0	0	0	0.5	0	0	0
chr1,100473283:GTC:G	1	100473283	100473284	0	0	0	0	0	0	0.5	0	0	0	0
chr1,100473361:C:T	1	100473361	100473362	0	0	0	0	0	0	0.5	0	0	0	0
chr1,100473427:T:A	1	100473427	100473428	0	0	0.5	0	0	0	0.5	0	0	0	0
chr1,100473511:AT:A	1	100473511	100473512	0.5	0	0	0	0	0	0.5	0.5	0	0	0
chr1,100473886:C:CT	1	100473886	100473887	0	0	0.5	0	0	0	0	0	0	0	0
chr1,10047443:A:G	1	10047443	10047444	0	0	0	0	1	0	0	0	0	0	0
chr1,100474571:T:G	1	100474571	100474572	0	0	0	0	0	0	0.5	0	0	0	0
chr1,10047474:A:G	1	10047474	10047475	0	0	0	0	1	0	0	0	0	0	0
chr1,100474886:T:TA	1	100474886	100474887	0	0	0	0	0	0	0	0.5	0.5	0	0
chr1,10047515:A:G	1	10047515	10047516	1	0	1	0	1	0	0	0	0	0	0
chr1,100475343:G:A	1	100475343	100475344	0	0	0	0	0	0	0	0	0	0	0.5
chr1,100475513:T:A	1	100475513	100475514	0	0	0	0	0	0	0	0	0	0	0.5
chr1,100475675:T:C	1	100475675	100475676	0	0	0	0	0.5	0	0	0	0	0	0
chr1,100475694:A:T	1	100475694	100475695	0	0	0	0	0	0	0.5	0	0	0	0
chr1,100475985:A:G	1	100475985	100475986	0	0	0	0	0	0	0	0.5	0	0	0
chr1,100475987:A:G	1	100475987	100475988	0	0	0	0	0	0	0	0.5	0	0	0
chr1,100475993:A:G	1	100475993	100475994	0	0	0	0	0	0	0	0.5	0	0	0
chr1,100476034:A:G	1	100476034	100476035	0	0	0	0	0	0	0	0.5	0	0	0
chr1,100476039:A:G	1	100476039	100476040	0	0	0	0	0	0	0	0.5	0	0	0
chr1,100476195:GT:G	1	100476195	100476196	0	0	0	0	0	0	0	0	0	0.5	0
chr1,100476244:C:CA	1	100476244	100476245	0	0	0.5	0.5	0	0	0	0	0	0.5	0
chr1,100476591:ATTCT:A	1	100476591	100476592	0	0.5	0	0	0	0	0.5	0	0	0	0
chr1,100476662:G:A	1	100476662	100476663	0	0.5	0.5	0	0	0	0.5	0	0	0	0
chr1,100476755:G:GA	1	100476755	100476756	0	0	0	0	0	0	0	0.5	0	0	0
chr1,100477386:A:G	1	100477386	100477387	0	0	0	0	1	0	0	0	0	0	0
chr1,100477416:A:G	1	100477416	100477417	0	0	0	0	1	0	0	0	0	0	0
chr1,10047753:A:G	1	10047753	10047754	0	0	0	0	0	0	0	1	0	0	0
chr1,10047766:A:G	1	10047766	10047767	0	0	0	0	0	0	0	1	0	0	0
chr1,100477765:A:G	1	100477765	100477766	0	0	0	0	0	0	0.5	0	0	0	0
chr1,10047831:A:G	1	10047831	10047832	0	0	0	1	0	0	0	1	0	1	0
chr1,100479894:A:G	1	100479894	100479895	0	0	0	0	0	0	1	0	0	0	0
chr1,100480453:A:G	1	100480453	100480454	0	0	0	0	0	0	0.5	0	0	0	0
chr1,10048055:A:G	1	10048055	10048056	0	0	0	0.5	0	0	0	0	0	0	0
chr1,10048056:GT:G	1	10048056	10048057	0	0	0	0.5	0	0	0	0	0	0	0
chr1,10048075:A:G	1	10048075	10048076	0	0	0	0.5	0	0	0	0	0	0	0
chr1,10048079:A:G	1	10048079	10048080	0.5	0	0	0.5	0	0	0	0	0	0	0
chr1,100480928:A:AT	1	100480928	100480929	0	0.5	0	0	0	0	0	0	0	0	0
chr1,100481062:AG:A	1	100481062	100481063	0	0	1	0	0	0	0	0	0	0	0
chr1,10048111:A:G	1	10048111	10048112	0	0	0	0.5	0	0	0	0	0	0	0
chr1,100481162:C:A	1	100481162	100481163	0	0	0.5	0	0	0	0	0	0	0	0
chr1,10048117:A:G	1	10048117	10048118	0	0	0	1	0	0	0	0	0	0	0
chr1,10048125:A:G	1	10048125	10048126	0.5	0	0	1	0	0	0	0	0	0	0
chr1,10048136:A:G	1	10048136	10048137	0	0	0	0.5	0	0	0	0	0	0	0
chr1,10048142:A:G	1	10048142	10048143	0	0	0	0.5	0	0	0	0.5	0	0	0
chr1,10048149:A:G	1	10048149	10048150	0	0	0	0	0	0	0	0.5	0	0	0
chr1,10048155:A:G	1	10048155	10048156	0	0	0	1	0	0	0	0	0	0	0.5
chr1,10048156:A:G	1	10048156	10048157	0	0	0	1	0	0	0	0	0	0	0
chr1,10048159:A:G	1	10048159	10048160	0	0	0	1	0	0	0	0	0	0	0
chr1,10048185:A:G	1	10048185	10048186	0	0	0	0	1	0	0	1	0	0	0.5
chr1,10048198:A:G	1	10048198	10048199	1	0	0	0	1	0	0	1	0	0	0
chr1,100482268:A:G	1	100482268	100482269	0	1	0	0	0	0	0	0	0	0	0
chr1,10048236:A:G	1	10048236	10048237	0	0	0	0	0.5	0	1	0	0	0	0
chr1,10048237:A:G	1	10048237	10048238	0	0	0	0	0.5	0	0	0	0	0	0
chr1,10048239:A:G	1	10048239	10048240	0	0	0	0	1	0	0	0	0	0	0
chr1,10048241:A:G	1	10048241	10048242	0	0	0	0	0.5	0	0	0	0	0	0
chr1,10048245:A:G	1	10048245	10048246	1	0	1	0	1	0	1	0	0	0	1
chr1,100482778:A:G	1	100482778	100482779	0	0	0.5	0	0	0	0	0	0	0	0
chr1,100482816:G:GA	1	100482816	100482817	0.5	0	0	0	0	0	0	0	0	0	0
chr1,10048288:A:G	1	10048288	10048289	0	0	0	0	0.5	0	0	0	0	0	0
chr1,10048289:A:G	1	10048289	10048290	0.5	0	0	0.5	0	0	0	0	0	0	0
chr1,10048292:A:G	1	10048292	10048293	0	0	0	0	0.5	0	0	0	0	0	0
chr1,100483009:C:A	1	100483009	100483010	0	0	0.5	0	0	0	0.5	0	0	0	0
chr1,10048313:A:G	1	10048313	10048314	0	0	0	0	0.5	0	0	0	0	0	0
chr1,10048315:A:G	1	10048315	10048316	0	0	0	1	0	0	0	0	0	0	0
chr1,10048327:A:G	1	10048327	10048328	0	1	0	0	0.5	0	0	0	0	0	0
chr1,10048329:A:G	1	10048329	10048330	0	1	0	0	0	0	0	0	0	0	0
chr1,100483822:A:G	1	100483822	100483823	0	0	0.5	0	0	0	0.5	0	0	0	0
chr1,100483924:G:GT	1	100483924	100483925	0	0	0	0	0	0	0	0.5	0	0	0
chr1,100484080:T:C	1	100484080	100484081	0	0.5	0	0	0	0	0.5	0	0	0	0
chr1,100484117:A:G	1	100484117	100484118	0	0	0	0	0	0	0.5	0	0	0	0
chr1,100484125:A:G	1	100484125	100484126	0	0	0	0	0	0	0.5	0.5	0	0	0
chr1,100484141:A:G	1	100484141	100484142	0	0	0	0.5	0	0	0	0	0	0	0
chr1,100484155:A:G	1	100484155	100484156	0	0	0	0	0	0	0	0.5	0	0	0
chr1,100484160:A:G	1	100484160	100484161	0	0	0	0.5	0	0	0	0	0	0	0
chr1,100484185:A:G	1	100484185	100484186	0	0	0	0	0	0	0	0	0	0	0.5
chr1,100484203:A:G	1	100484203	100484204	0	0	0	0	0	0	0.5	0	0	0	0
chr1,100484824:G:T	1	100484824	100484825	0	0	0	0	0	0	0.5	0	0	0	0
chr1,100484879:G:C	1	100484879	100484880	0	0.5	0	0	0	0	0	0	0	0	0
chr1,100484937:TTGAATGAATGAA:T	1	100484937	100484938	0	0.5	0	0	0	0	0	0	0	0	0
chr1,100484949:ATG:A	1	100484949	100484950	0	0	0	0	0	0	1	0	0	0	0
chr1,100484952:AATGAATGAAT:A	1	100484952	100484953	0	0	0	0	0	0	1	0	0	0	0
chr1,10048504:A:G	1	10048504	10048505	0	0.5	0	0.5	0	0	0	0	0	0	0
chr1,10048543:A:G	1	10048543	10048544	1	0.5	0	1	1	0	0	0	0	0	0
chr1,100485537:C:G	1	100485537	100485538	0	1	0	0	0	0	0.5	0	0	0	0
chr1,100485753:A:AT	1	100485753	100485754	0	0	0	0	0	0	0.5	0	0	0	0
chr1,100485821:G:A	1	100485821	100485822	0	0	0	0.5	0	0	0	0	0	0	0
chr1,10048583:A:G	1	10048583	10048584	0	0	0	0.5	0	0	0	0	0	0	0
chr1,10048597:A:C	1	10048597	10048598	0	0	0	0.5	0	0	0	0	0	0	0
chr1,10048598:A:T	1	10048598	10048599	0	0	0	0.5	0	0	0	0	0	0	0
chr1,100485988:G:T	1	100485988	100485989	0	0	0.5	0	0	0	0.5	0	0	0	0
chr1,10048600:A:G	1	10048600	10048601	0	0	0	0.5	0	0	0	0	0	0	0
chr1,10048603:A:G	1	10048603	10048604	0	0	0	0.5	0	0	0	0.5	0	0	0
chr1,10048606:A:G	1	10048606	10048607	0	0	0	0.5	0	0	0	0	0	0	0
chr1,10048608:A:G	1	10048608	10048609	0	0	0	0.5	0	0	0	0	0	0	0
chr1,10048614:A:G	1	10048614	10048615	0	0	0	0.5	0	0	0	1	0	0	0
chr1,10048618:A:G	1	10048618	10048619	0	0	0	0.5	0	0	0	0	0	0	0
chr1,10048622:A:G	1	10048622	10048623	0	0	0	0.5	0	0	0	0	0	0	0
chr1,10048630:A:G	1	10048630	10048631	0	0	0	0.5	0	0	0	0	0	0	0
chr1,100486560:C:CA	1	100486560	100486561	0	1	0	0.5	0	0	0	0	0	0	0
chr1,100486699:A:G	1	100486699	100486700	0	0	0	0.5	0	0	0	0.5	0	0	0
chr1,100486709:A:G	1	100486709	100486710	0	0	0.5	0.5	0	0	0.5	0	0	0	0
chr1,100486764:C:CA	1	100486764	100486765	0.5	0.5	0	0	0	0	0	0	0	0	0.5
chr1,100486822:A:G	1	100486822	100486823	0	0	0	0	0	0	0.5	0	0	0	0
chr1,100486841:A:G	1	100486841	100486842	0	0	0.5	0	0	0	0.5	0	0	0	0
chr1,100486919:C:CA	1	100486919	100486920	0	0	0.5	0	0	0	0	0	0	0	0
chr1,100487019:A:G	1	100487019	100487020	0.5	0	0	0	0	0	0	0	0	0	0
chr1,100487065:C:CA	1	100487065	100487066	0	0	0	0	0	0	0.5	0	0	0	0
chr1,100487229:A:T	1	100487229	100487230	0	0	0	0.5	0	0	0	0	0	0	0
chr1,100487230:A:T	1	100487230	100487231	0	0	0	0.5	0	0	0	0	0	0	0
chr1,100487234:GA:G	1	100487234	100487235	0	0	0	0.5	0	1	0	0	0	0	0
chr1,100487529:T:C	1	100487529	100487530	0	0	0	0	0	0	0.5	0	0	0	0
chr1,100487763:A:C	1	100487763	100487764	0	1	0	0	0	0	0.5	0	0	0	0
chr1,10048792:A:AT	1	10048792	10048793	1	0	0	0	0	0	0	0	0	0	0
chr1,100488152:G:GT	1	100488152	100488153	0	0.5	0	0	0	0	0	0	0	0	0
chr1,100488177:C:T	1	100488177	100488178	0	0.5	0.5	0	0	0	0.5	0	0	0	0
chr1,10048841:A:G	1	10048841	10048842	0.5	0	0	0	0	0	0	0	0	0	0
chr1,10048850:A:G	1	10048850	10048851	0	0	0	1	0	0	0	0	0	0	0
chr1,10048853:A:G	1	10048853	10048854	1	0	0	1	0	0	0	0	0	0	0
chr1,10048881:A:G	1	10048881	10048882	0	0	0	0	1	0	0	0	0	0	0
chr1,10048890:A:G	1	10048890	10048891	0	0	0	0	1	0	0	0	0	0	0
chr1,10048898:A:G	1	10048898	10048899	0	0	0	0	1	0	0	0	0	0	0
chr1,10048904:A:G	1	10048904	10048905	0	0	0	0	1	0	0	0	0	0	0
chr1,10048907:A:G	1	10048907	10048908	0	0	0	0	1	0	0	0	0	0	0
chr1,100489128:T:G	1	100489128	100489129	0	0	0.5	0	0	0	0	0	0	0	0
chr1,10048944:GC:G	1	10048944	10048945	0	0	0	0	0.5	0	0	0	0	0	0
chr1,10048949:A:G	1	10048949	10048950	0	0	0	0	0.5	0	0	0	0	0	0
chr1,10048950:A:G	1	10048950	10048951	0	0	0	0	1	0	0	0	0	0	0
chr1,100489507:A:G	1	100489507	100489508	0	0	0	0	0.5	0	0	0	0	0	0
chr1,100489518:A:G	1	100489518	100489519	0.5	0	0	0	0.5	0	0	0	0	0	0
chr1,100489571:G:GA	1	100489571	100489572	0.5	0	0	0	0	0	0	0	0	0	0
chr1,100489619:A:G	1	100489619	100489620	0	0	0	0	0.5	0	0	0	0	0	0
chr1,100489624:G:GT	1	100489624	100489625	0.5	0	0	0	0.5	0	0	0	0	0	0
chr1,100489835:A:G	1	100489835	100489836	0.5	0	0	0	0.5	0	0	0	1	0	0
chr1,10048985:A:G	1	10048985	10048986	0	0	0	0	0.5	0	0	0	0	0	0
chr1,10048989:A:G	1	10048989	10048990	0.5	0	0	0	0	0	0	0	0	0	0
chr1,100489992:A:G	1	100489992	100489993	0	0	0	0	0	0	0	0.5	0	0.5	0
chr1,100489996:A:G	1	100489996	100489997	0.5	0.5	0	0	1	1	0.5	0.5	1	0.5	0
chr1,100490000:A:G	1	100490000	100490001	0	0	0	0	0	0	0	0	0	0	1
chr1,100490003:A:G	1	100490003	100490004	0	0	0	0	0	1	0	0	0	0	0
chr1,100490042:A:G	1	100490042	100490043	0	0	0	0	0	0	0	0	0	0.5	0
chr1,100490106:C:CAA	1	100490106	100490107	0	0	0	0	0	0	0	0.5	0	0	0
chr1,100490199:A:G	1	100490199	100490200	0	0	0	0	0	0	0	0.5	0	0	0
chr1,100490207:A:G	1	100490207	100490208	0	0	0	0	0	0	1	0.5	0	0.5	0
chr1,100490239:A:G	1	100490239	100490240	0	0	0	0	0	0	0	0.5	0	0	0
chr1,100490274:A:G	1	100490274	100490275	0	0	0	0	1	1	0	0	0	0	0
chr1,100490275:A:G	1	100490275	100490276	0	0	0	0.5	1	1	0	0	0	0.5	0
chr1,100490292:A:G	1	100490292	100490293	0	0	0	0	0	1	0.5	0	0.5	0	0
chr1,100490303:A:G	1	100490303	100490304	0.5	0.5	0.5	0.5	1	0	0.5	0	0	0.5	0.5
chr1,100490377:TA:T	1	100490377	100490378	0	0	0	0	0	0	0	0	0	0.5	0
chr1,100490410:C:T	1	100490410	100490411	0	0.5	0	0	0	0	0.5	0	0	0	0
chr1,100490692:A:G	1	100490692	100490693	0	0	0.5	0	0	0	0	0	0	0	0
chr1,100490908:T:C	1	100490908	100490909	0	0	0	0	0	0.5	0	0	0	0	0
chr1,100491168:T:TA	1	100491168	100491169	0	0	0	0	0.5	0	0	0	0	0	0
chr1,100491302:A:G	1	100491302	100491303	0	0.5	0	0	0	0	0.5	0	0	0	0
chr1,100491432:A:AT	1	100491432	100491433	0	0	0	0	0	0.5	0	0	0	0	0
chr1,100491475:A:G	1	100491475	100491476	0	0.5	0	0	0	0	0.5	0	0	0	0
chr1,100491546:C:T	1	100491546	100491547	0	0.5	0	0	0	0	0.5	0	0	0	0
chr1,100491650:C:G	1	100491650	100491651	0	0	0	0	0	0	0.5	0	0	0	0
chr1,10049177:T:G	1	10049177	10049178	1	0	0	1	0	0	0	1	0	0	1
chr1,100491772:G:GT	1	100491772	100491773	0.5	0.5	0	0.5	0	0	0	0	0	0.5	0
chr1,100492080:A:AT	1	100492080	100492081	0	0	0	0	0	0.5	0	0	0	0	0
chr1,100492703:A:G	1	100492703	100492704	0	1	0	0	0	0	0	0	0	0	0
chr1,100492766:A:G	1	100492766	100492767	0.5	0	0	0	0	0	0	0	0	0	0
chr1,100492802:A:G	1	100492802	100492803	1	0	0	0	0	0	0	0	0	0	0
chr1,10049282:A:G	1	10049282	10049283	0	0	0	1	0	0	0	0	0	0	0
chr1,10049291:A:G	1	10049291	10049292	0	0	0	0.5	0	0	0	0	0	0	0
chr1,100492952:A:G	1	100492952	100492953	1	0	0.5	0	0	0	0	0	0	0	0
chr1,10049296:A:G	1	10049296	10049297	0	0	0	0.5	0	0	0	0	0	0	0
chr1,100493005:C:CA	1	100493005	100493006	0	0	0.5	0	0	0	0	0	0	0	0
chr1,10049306:A:G	1	10049306	10049307	0	0	0	0.5	0	0	0	0	0	0	0
chr1,10049315:A:G	1	10049315	10049316	0	0	0	0.5	0	0	0	0	0	0	0
chr1,10049320:A:G	1	10049320	10049321	0	0	0	0.5	0	0	0	0	0	0	0
chr1,10049329:A:G	1	10049329	10049330	0	0	0	0.5	0	0	0	0	0	0	0
chr1,10049330:A:G	1	10049330	10049331	0	0	0	0.5	0	0	0	0	0	0	0
chr1,10049340:A:G	1	10049340	10049341	0	0	0	0.5	0	0	0	0.5	0	0	0
chr1,10049354:A:G	1	10049354	10049355	0	0	0	0	0	0	0	0.5	0	0	0
chr1,10049360:A:G	1	10049360	10049361	0	0	0	0.5	0	0	0	0.5	0	0	0
chr1,10049363:A:G	1	10049363	10049364	0	0	0	0.5	0	0	0	0	0	0	0
chr1,10049365:A:G	1	10049365	10049366	0	0	0	0	0	0	0	0.5	0	0	0
chr1,100493651:C:T	1	100493651	100493652	0	0	0	0	0	0	1	0	0	0	0
chr1,10049366:A:G	1	10049366	10049367	0	0	0	0.5	0	0	0	0	0	0	0
chr1,100493675:A:G	1	100493675	100493676	0.5	0	0	0	0	0	0	0	0	0	0
chr1,10049369:A:G	1	10049369	10049370	0	0	0	0	0	0	0	0.5	0	0	0
chr1,100493716:A:G	1	100493716	100493717	0.5	0	0	0	0	0	0	0	0	0	0
chr1,10049373:A:G	1	10049373	10049374	0	0	0	0	0	0	0	0.5	0	0	0
chr1,100493756:A:G	1	100493756	100493757	0.5	0	0	0	0	0	0	0	0	0	0
chr1,10049377:A:G	1	10049377	10049378	0.5	0	0	0	0	0	0	1	0	0	0
chr1,10049395:A:G	1	10049395	10049396	0.5	0	0	0.5	0	0	0	0.5	0	0	0
chr1,10049401:A:G	1	10049401	10049402	0	0	0	0	0	1	0	0	0	0	0
chr1,10049409:A:G	1	10049409	10049410	0	0	0	0.5	0	0	0	0.5	0	0	0
chr1,10049513:CT:C	1	10049513	10049514	0	0	0	0	0	1	0	0	0	0	0
chr1,10049514:TA:T	1	10049514	10049515	0	0	0	0	0	0	0	0.5	0	0	0
chr1,100495392:T:C	1	100495392	100495393	0	0	0.5	0	0	0	0	0	0	0	0
chr1,100495416:T:G	1	100495416	100495417	0	0	0.5	0	0	0	0	0	0	0	0
chr1,100495418:T:G	1	100495418	100495419	0	0	0.5	0	0	0	0	0	0	0	0
chr1,1004957:G:A	1	1004957	1004958	0	0	0	0	0	0	0	0	0	0	1
chr1,100496223:CTG:C	1	100496223	100496224	0	0	0	1	0	0	0	0	0	0	0
chr1,100496779:C:CT	1	100496779	100496780	0	0	0	0	0	0	0	0	0	1	0
chr1,10049698:C:T	1	10049698	10049699	0	0	0	0	1	0	0	0	0	0	0
chr1,100497083:A:G	1	100497083	100497084	0	1	0	0	0	0	0	0	0	0	0
chr1,100497362:T:A	1	100497362	100497363	0	0	1	0	0	0	0	0	0	0	0
chr1,1004980:G:A	1	1004980	1004981	0	0	0	0	0	0	0	0	0	0	1
chr1,100498058:CAT:C	1	100498058	100498059	0	0	0	0	0	0	0	0.5	0	0	0
chr1,100498847:CA:C	1	100498847	100498848	0	0	0.5	0	0	0	0	0	0	0	0
chr1,100499059:T:C	1	100499059	100499060	0	0	0.5	0	0	0	0	0	0	0	0
chr1,100500864:T:A	1	100500864	100500865	0.5	0	0	0	0	0	0	0	0	0	0
chr1,100501901:A:G	1	100501901	100501902	0	0	1	0	0	0	0	0	0	0	0
chr1,100501907:A:G	1	100501907	100501908	0	0	1	0	0	0	0	0	0	0	0
chr1,100502690:T:C	1	100502690	100502691	0	0	0	0.5	1	0	0	0.5	0	0	1
chr1,100503564:T:C	1	100503564	100503565	0	0	0	0	0	0	0.5	0	0	0	0
chr1,100503631:C:T	1	100503631	100503632	0.5	0	0	0	0	0	0	0	0	0	0
chr1,100503676:GC:G	1	100503676	100503677	0	0	0	0	0	0.5	0	0	0	0	0
chr1,100503785:T:C	1	100503785	100503786	0	0	0	0	0	0	0	0	0	0	0.5
chr1,100503875:G:A	1	100503875	100503876	0	0	0	0	0	0	0.5	0	0	0	0
chr1,100503892:G:C	1	100503892	100503893	0	0	0.5	0	0	0	0	0	0	0	0
chr1,100504052:C:A	1	100504052	100504053	0	0	0	0	0	0	0.5	0	0	0	0
chr1,100504439:A:G	1	100504439	100504440	0	0	0	0	0	0	0.5	0	0	0	0
chr1,100504670:T:A	1	100504670	100504671	0	0	0	0	0	0	0.5	0	0	0	0
chr1,100505114:GTTC:G	1	100505114	100505115	0	0	0	0	0	0	0.5	0	0	0	0
chr1,100505332:G:C	1	100505332	100505333	0	0	0	0	0	0	0.5	0	0	0	0
chr1,100505706:A:T	1	100505706	100505707	0	0	0	0	0	0	0.5	0	0	0	0
chr1,100506415:G:A	1	100506415	100506416	0	0	0	0	0	0	0.5	0	0	0	0
chr1,100507208:A:G	1	100507208	100507209	0	0	0	0	0	0	0	0	0.5	0	0
chr1,100507255:A:G	1	100507255	100507256	0	0	0	0	0	0	0.5	0	0	0	0
chr1,100507286:C:T	1	100507286	100507287	0	0	0	0	0	0	0.5	0	0	0	0
chr1,100507333:A:G	1	100507333	100507334	0.5	0	0	0	0	0	0	0	0	0	0
chr1,100507337:A:G	1	100507337	100507338	0.5	0	0	0	0	0	0.5	0	0	0.5	0
chr1,100507360:A:G	1	100507360	100507361	0	0	0	0	0	0	0	0	0	0.5	0
chr1,100507365:A:G	1	100507365	100507366	0.5	0	0	0	0	0	0	0	0	0	0
chr1,100507421:A:G	1	100507421	100507422	0	0	0	0	0	0	0	0	0	0.5	0
chr1,100507435:A:G	1	100507435	100507436	0	0	0	0	0	0	0	0	0	0.5	0
chr1,100507477:C:CA	1	100507477	100507478	0	0	0.5	0	0	0	0	0	0	0	0
chr1,100507477:CA:C	1	100507477	100507478	0	0	0	0	0	0	0.5	0	0	0	0
chr1,100507489:A:G	1	100507489	100507490	0	0	0	0	0	0	0.5	0	0	0	0
chr1,100507932:A:AT	1	100507932	100507933	1	0	0	0	0	0	0	0	0	0.5	0
chr1,100507990:G:A	1	100507990	100507991	0	0	1	0	0	0	0.5	0	0	0	0
chr1,100508164:CT:C	1	100508164	100508165	0	0	0.5	1	0	0	0	0	0	0	0
chr1,100508220:A:G	1	100508220	100508221	0	0	0.5	1	0	0	0	0	0	0	0
chr1,100508228:A:G	1	100508228	100508229	0	0	0	1	0	0	0	0	0	0	0
chr1,100508276:A:G	1	100508276	100508277	0	0	0	0	0	0	0.5	0	0	0	0
chr1,100508303:A:G	1	100508303	100508304	0	0	0	0	0	0	0.5	0	0	0	0
chr1,100508349:A:G	1	100508349	100508350	0	0	0	0	0	0	0.5	0	0	0	0
chr1,100508409:A:G	1	100508409	100508410	0	0	0	0	0	0	0.5	0	0	0	0
chr1,100508616:G:GT	1	100508616	100508617	0	0	0	0	0	0	0.5	0	0	0	0
chr1,100508761:T:TA	1	100508761	100508762	0	0	0	0	0	0	0.5	0	0	0	0
chr1,100508918:A:G	1	100508918	100508919	0	0	0	0	0	0	0.5	0	0	0	0
chr1,100508991:G:GT	1	100508991	100508992	0	0	0	0	0	0	0	0	0.5	0	0
chr1,100509339:C:A	1	100509339	100509340	0	0	0	0	0	0	0.5	0	0	0	0
chr1,100510067:ATTTTTTTT:A	1	100510067	100510068	0	0	0	0	0	0	0.5	0	0	0	0
chr1,100510177:T:C	1	100510177	100510178	0	0	0	0	0	0	0.5	0	0	0	0
chr1,100510239:C:CT	1	100510239	100510240	0	0	0	0	0	0	0.5	0	0	0	0
chr1,100510855:T:G	1	100510855	100510856	0	0	0	0	0	0	0.5	0	0	0	0
chr1,100510882:T:C	1	100510882	100510883	0	0	0	0	0	0	0.5	0	0	0	0
chr1,100511197:G:A	1	100511197	100511198	0	0	0	0	0	0	0	0	0	0.5	0
chr1,100511203:T:A	1	100511203	100511204	0	0	0	0	0	0	0.5	0	0	0	0
chr1,100511266:A:ATTTTATT	1	100511266	100511267	0	0	0	0	0	0	0.5	0	0	0	0
chr1,100511353:G:A	1	100511353	100511354	0	0	0	0	0	0	0	0	0	0	1
chr1,100511369:A:AAAAT	1	100511369	100511370	0	0	0	0	0	0	0	0	0	0	1
chr1,100511570:G:A	1	100511570	100511571	0	0	0	0	0	0	0.5	0	0	0	0
chr1,100511609:G:C	1	100511609	100511610	0	0	0	0.5	0	0	0	0	0	0	0
chr1,100512160:A:G	1	100512160	100512161	0	0	0	1	0	0	0	0	0	0	0
chr1,100512161:G:GA	1	100512161	100512162	0	0	0.5	0	0	0	0	0	0	0	0
chr1,100512332:G:A	1	100512332	100512333	0	0	0	0	0	0	0.5	0	0	0	0
chr1,100512505:G:GT	1	100512505	100512506	0	0	0	0	0	0	0.5	0	0	0	0
chr1,100512568:G:A	1	100512568	100512569	0	0	0	0	0	0	0.5	0	0	0	0
chr1,100513001:G:A	1	100513001	100513002	0	0	0	0	0	0	0.5	0	0	0	0
chr1,100513353:T:G	1	100513353	100513354	0	0	0	0	0	0	0.5	0	0	0	0
chr1,100514807:G:C	1	100514807	100514808	0	0	0	0	0	0	0.5	0	0	0	0
chr1,100514877:GT:G	1	100514877	100514878	0	0	0	0	0	0	0	0	1	0	0
chr1,100515033:T:C	1	100515033	100515034	0	0	0	0	0	0	0.5	0	0	0	0
chr1,100515226:G:A	1	100515226	100515227	0	0	0	0	0	0	0	1	0	0	0
chr1,100515428:C:CT	1	100515428	100515429	0	0	0	0	0	0	0	0	0	0	0.5
chr1,100515521:G:GT	1	100515521	100515522	0.5	0.5	0	0.5	0.5	0	0	0.5	0.5	0	0
chr1,100515616:T:C	1	100515616	100515617	0	0	0	0	0	0	0	0	0	1	0
chr1,100515920:C:T	1	100515920	100515921	0	0	0.5	0	0	0	0.5	0	0	0	0
chr1,100516043:C:T	1	100516043	100516044	0	0	0	0	0	0	0.5	0	0	0	0
chr1,100516056:C:G	1	100516056	100516057	0	0	0	0	0	0	0.5	0	0	0	0
chr1,100516682:C:G	1	100516682	100516683	0	0	0	0	0	0	0.5	0	0	0	0
chr1,100516807:C:T	1	100516807	100516808	0	0	1	0	0	0	0	0	0	0	0
chr1,100516910:A:G	1	100516910	100516911	0	0	0	0	0	0	0.5	0	0	0	0
chr1,100517378:G:A	1	100517378	100517379	0	0	0	0	0	0	0.5	0	0	0	0
chr1,100518887:G:T	1	100518887	100518888	0	0	1	0	0	0	0	0	0	0	0
chr1,100518944:GT:G	1	100518944	100518945	0	0	1	0	0	0	0	0	0	0	0
chr1,100519212:T:A	1	100519212	100519213	0	0	0	0	0	0	0	0	0.5	0	0
chr1,100519597:C:CTT	1	100519597	100519598	0	0	0	0	0	0	0	0	1	0	0
chr1,100519889:C:T	1	100519889	100519890	0	0	0	0	0	0	1	0	0	0	0
chr1,100520311:G:A	1	100520311	100520312	0	0	0	0	0	0	0.5	0	0	0	0
chr1,100520409:TAA:T	1	100520409	100520410	0	0	0	0	0	0	0	0	0	0.5	0
chr1,100520643:A:T	1	100520643	100520644	0	0	0	0	0	0	0	0	0.5	0	0
chr1,100521692:A:AT	1	100521692	100521693	0	0	0	0	0	0	0.5	0	0	0	0
chr1,100522066:T:C	1	100522066	100522067	0	0	0	1	0	0	0	0	0	0	0
chr1,100522080:T:C	1	100522080	100522081	0	0	0	1	0	0	0	0	0	0	0
chr1,100522115:A:G	1	100522115	100522116	0	0	0	0.5	0	0	0	0	0	0	0
chr1,100522116:A:G	1	100522116	100522117	0	0	0	0.5	0	0	0	0	0	0	0
chr1,100522123:A:G	1	100522123	100522124	0	0	0	0.5	0	0	0	0	0	0	0
chr1,100522238:C:CT	1	100522238	100522239	0	0	0	0	0	0	0	0	0.5	0	0
chr1,100522269:G:A	1	100522269	100522270	0	0	0	0	0	0	1	1	1	1	1
chr1,100522403:A:G	1	100522403	100522404	0	0	0	0	0	0	0.5	0	0	0	0
chr1,100522706:G:A	1	100522706	100522707	0	1	0	0	0	0	0	0	0	0	0
chr1,100523011:A:G	1	100523011	100523012	0	0	0	0	0	0	0.5	0	0	0	0
chr1,100523014:G:A	1	100523014	100523015	0	0	0	0	0	0	0.5	0	0	0	0
chr1,100523076:A:G	1	100523076	100523077	1	0	0	0	0	0	0	0	0	0	0
chr1,100523479:A:T	1	100523479	100523480	0.5	0	0	0	0	0	0	0	0	0	0
chr1,100523480:G:C	1	100523480	100523481	0.5	0	0	0	0	0	0	0	0	0	0
chr1,100523536:G:A	1	100523536	100523537	0	0	0.5	0	0	0	0.5	0	0	0	0
chr1,100524336:C:T	1	100524336	100524337	0	0	1	0	0	0	0	0	0	0	0
chr1,100527838:G:A	1	100527838	100527839	0	0	1	0	0	0	0	0	0	0	0
chr1,100528821:A:AAAAAC	1	100528821	100528822	0	0	0	0	0	0	0	0	0	0.5	1
chr1,100529201:A:G	1	100529201	100529202	0.5	0	0	0	0	0	0	0	0	0	0
chr1,100529210:G:C	1	100529210	100529211	0	0	1	0	0	0	0	0	0	0	0
chr1,100529239:C:T	1	100529239	100529240	0	1	0	0	0	0	0	0	0	0	0
chr1,100529267:A:G	1	100529267	100529268	0.5	0	0	0	0	0	0	0	0	0	0
chr1,10052969:C:CA	1	10052969	10052970	0	0	0	1	0	0	0	0	0	0	0
chr1,100529706:GT:G	1	100529706	100529707	0	0	0.5	0	0	0	0	0	0	0	0
chr1,100531672:T:TA	1	100531672	100531673	0	0	0	0	0	0	0	0.5	0	0	0
chr1,100531705:G:GT	1	100531705	100531706	0	0	0	0	0	0	0	0.5	0	0	0
chr1,100532272:A:G	1	100532272	100532273	0	0	0.5	0	0	0	0	0	0	0	0
chr1,100532839:A:G	1	100532839	100532840	0	0	0.5	0	0	0	0	0	0	0	0
chr1,100532879:A:G	1	100532879	100532880	1	0	0	0	0	0	0	0	0	0	0
chr1,100533305:A:G	1	100533305	100533306	0	0	0	1	0	0	0	0	1	1	0
chr1,100533486:G:GA	1	100533486	100533487	0	0	0	0.5	0	0	0	0	0	0	0.5
chr1,100533960:G:A	1	100533960	100533961	0	0	0	0	0	0	0	0	0	0.5	1
chr1,100533973:T:A	1	100533973	100533974	0	0	0.5	0	0	0	0	0	0	0	0
chr1,100534121:C:CT	1	100534121	100534122	0	0.5	0	0.5	0	0	0	0	0	0	0
chr1,100534371:C:T	1	100534371	100534372	0	0	0	0	0	0	0.5	0	0	0	0
chr1,100535074:G:A	1	100535074	100535075	0	1	0	0	0	0	0	0	0	0	0
chr1,100535113:T:C	1	100535113	100535114	0	1	0	0	0	0	0	0	0	0	0
chr1,100535250:CT:C	1	100535250	100535251	0	0	0	0	0	0	0.5	0	0	0	0
chr1,100535425:A:G	1	100535425	100535426	0	1	0	0	0	0	0.5	0	0	0	0
chr1,100535563:G:A	1	100535563	100535564	0.5	0	0	0	0	0	0	0	0	0	0
chr1,100535598:A:G	1	100535598	100535599	0	0.5	0	0	0	0	0	0	0	0	0
chr1,100535600:T:C	1	100535600	100535601	0	0.5	0	0	0	0	0	0	0	0	0
chr1,100535630:T:C	1	100535630	100535631	0	0.5	0	0	0	0	0	0	0	0	0
chr1,100535797:A:G	1	100535797	100535798	0	0	0	0.5	0	0	0	0	0	0	0
chr1,100535897:TG:T	1	100535897	100535898	0	0	0	0.5	0	0	0	0	0	0	0
chr1,100536233:T:C	1	100536233	100536234	0	0	0.5	0	0	0	0	0	0	0	0
chr1,100536873:G:A	1	100536873	100536874	1	0	0	0	0	0	0	0	0	0	0
chr1,100537026:C:CA	1	100537026	100537027	0	0	0	0.5	0	0	0	0	0	0	0
chr1,100537564:C:G	1	100537564	100537565	0	0	0	0	0	0	0.5	0	0	0	0
chr1,100537866:T:G	1	100537866	100537867	0	0	0	0	0	0	0.5	0	0	0	0
chr1,100537930:A:AT	1	100537930	100537931	0	0	0	0	0	0	0	0	0	0	0.5
chr1,100538136:T:TA	1	100538136	100538137	0	0	0	0.5	0	0	0	0	0	0.5	0
chr1,100538482:TC:T	1	100538482	100538483	0	0.5	0	0	0	0	0	0	0	0	0
chr1,100538621:A:T	1	100538621	100538622	0.5	0	0.5	0	0	0	0	0	0	0	0
chr1,100538659:TC:T	1	100538659	100538660	0	0	0	0	0	0	0	0	0.5	0	0
chr1,100538661:C:T	1	100538661	100538662	0	0	0	0	0	0	0	0.5	0.5	0	0
chr1,100538691:A:AT	1	100538691	100538692	0	0	0	0	0	0	0	0	0.5	0	0
chr1,100539204:T:C	1	100539204	100539205	0	0	0	0	0	0	0	0	0.5	0	0
chr1,100539450:A:T	1	100539450	100539451	0	1	0	0	0	0	0	0	0	0	0
chr1,100539821:T:A	1	100539821	100539822	0	0	0	0	0.5	0	0	0	0	0	0
chr1,100539976:C:CA	1	100539976	100539977	0	0	0	0	0	0	0.5	0	0	0	0.5
chr1,100540014:A:G	1	100540014	100540015	0	0	0	0	0	0	0.5	0	0	0	0
chr1,100540015:A:G	1	100540015	100540016	0	0	0	0	0	0	0.5	0	0	0	0
chr1,100540050:A:G	1	100540050	100540051	0	0	0	0	0	0	0.5	0	0	0	0
chr1,100540160:C:T	1	100540160	100540161	0	0	0	0	0	0	0	0.5	0	0	0
chr1,100540286:A:G	1	100540286	100540287	0	0	0	0	0.5	0	0	0	0	0	0
chr1,100540289:A:G	1	100540289	100540290	1	0	0.5	0	0	0	0.5	0	0	0	0
chr1,100540381:A:G	1	100540381	100540382	0	0	0	0.5	0	0	0	0	0	0	0
chr1,100540435:G:GA	1	100540435	100540436	0	0	0	0	0	0	0.5	0	0.5	0	0
chr1,100540435:G:GAA	1	100540435	100540436	0.5	0	0	0	0	0	0	0	0	0	0
chr1,100540523:C:CT	1	100540523	100540524	0	0	0	0.5	0	0	0	0	0	0.5	0
chr1,100540532:TGA:T	1	100540532	100540533	0.5	0	0	0	0	0	0	0	0	0	0
chr1,100540685:T:C	1	100540685	100540686	0	0	0	0	0	0	0	0	0	0	0.5
chr1,100541399:A:G	1	100541399	100541400	0.5	0	0	0	0	0	0	0	0	0	0
chr1,100541454:A:G	1	100541454	100541455	0	0	0	0.5	0	0	0	0	0	0.5	0
chr1,100541912:C:CA	1	100541912	100541913	0	0.5	0	0.5	0	0	0	0.5	0	0.5	0
chr1,100542134:A:T	1	100542134	100542135	0	0.5	0	0	0	0	0	0	0	0	0
chr1,100542421:TTAG:T	1	100542421	100542422	0	0	0	0	0	0	0	0	0	0.5	0
chr1,100542638:G:A	1	100542638	100542639	0.5	0	0	0	0	0	0	0	0	0	0
chr1,100542702:CT:C	1	100542702	100542703	0	0	0	0.5	0	0	0	0	0	0	0
chr1,100543077:CT:C	1	100543077	100543078	0	0	0.5	0	0	0	0	0	0	0	0
chr1,100543171:A:AT	1	100543171	100543172	0	0	0	0	0	0	0	0	0.5	0	0
chr1,100543198:GA:G	1	100543198	100543199	0	0	0	0	0.5	0	0	0	0	0	0
chr1,100543504:CA:C	1	100543504	100543505	0	0	0	0	0	0	0	0	0	0	0.5
chr1,100543521:T:C	1	100543521	100543522	0	0	0	0.5	0	0	0.5	0	0	0	0
chr1,100543962:A:G	1	100543962	100543963	0	1	0	0	0	0	0	0	0	0	0
chr1,100544917:C:CTTT	1	100544917	100544918	0	0	0	0	0	0	1	0	0	0	0
chr1,100545095:T:G	1	100545095	100545096	0	0	0	0	1	0	0	0	0	0	0
chr1,100545689:C:T	1	100545689	100545690	0	0	0	0	0	0	0.5	0	0	0	0
chr1,100546619:T:C	1	100546619	100546620	0	0	0	0.5	0	0	0	0	0	0	0
chr1,100546921:GATTTT:G	1	100546921	100546922	0	1	0	0	0	0	0	0	0	0	0
chr1,100547351:G:A	1	100547351	100547352	0	1	0	0	0	0	0	0	0	0	0
chr1,100547994:T:C	1	100547994	100547995	0	0	0	0.5	1	1	0	0.5	0.5	0.5	1
chr1,100548278:T:TA	1	100548278	100548279	0	0	0	0.5	0	0	0	0.5	0	0	0
chr1,100548278:TA:T	1	100548278	100548279	0	0.5	0	0	0	0	0	0	0	0	0
chr1,100548780:A:T	1	100548780	100548781	0	0.5	0	0	0	0	0	0	0	0	0
chr1,100549282:G:T	1	100549282	100549283	0	0	0	0	1	0	0	0	0	0	0
chr1,100549378:T:TA	1	100549378	100549379	0	0	0	0	1	0	0	0	0	0	0
chr1,100549503:T:C	1	100549503	100549504	0	0	0	0	0	0	0.5	0	0	0	0
chr1,100549698:T:TA	1	100549698	100549699	0	0	0	0	0	0	0	0	0	1	0
chr1,100549698:TA:T	1	100549698	100549699	0	0	0.5	0	0	0	0	0	0	0	0
chr1,100549889:GT:G	1	100549889	100549890	0	0.5	0	0	0	0	0	0	0	0	0
chr1,100550275:AT:A	1	100550275	100550276	0	0	0	0	0.5	0	0	0	0	0	0
chr1,100550652:C:T	1	100550652	100550653	0	0.5	0	0	0	0	0	0	0	0	0
chr1,100553975:T:C	1	100553975	100553976	0	1	0	0	0	0	0	0	0	0	0
chr1,100554011:T:C	1	100554011	100554012	0	1	0	0	0	0	0	0	0	0	0
chr1,100554151:T:TAGAC	1	100554151	100554152	0	0	1	0	0	0	0	0	0	0	0
chr1,100554321:T:C	1	100554321	100554322	0	0	0	0.5	0	0	0	0	0	0	0
chr1,100554385:T:C	1	100554385	100554386	0	0	0	1	0	0	0	0	0	0	0
chr1,100554389:T:C	1	100554389	100554390	0	0	0	1	0	0	0	0	0	0	0
chr1,100554391:T:C	1	100554391	100554392	0	0	0	1	0	0	0	0	0	0	0
chr1,100555367:G:GA	1	100555367	100555368	0	0	0	0	0	0	0	0.5	0	0	0
chr1,100555967:T:A	1	100555967	100555968	0	0	0	0	0	0	0	0.5	0	0	0
chr1,100555968:TA:T	1	100555968	100555969	0	0	0	0	0	0	0	0.5	0	0	0
chr1,100556546:T:C	1	100556546	100556547	0	0	0	0.5	0	0	0	0	0	0	0
chr1,100558161:T:C	1	100558161	100558162	0	0	0	0	0	0	0.5	0	0	0	0
chr1,100558184:T:C	1	100558184	100558185	0	0	0	0	0	0	0.5	0	0	0	0
chr1,100558199:T:C	1	100558199	100558200	0	0	0	0	0	0	0.5	0	0	0	0
chr1,100558208:T:C	1	100558208	100558209	0	0	0	0	0	0	0.5	0	0	0	0
chr1,100558243:T:C	1	100558243	100558244	0	0	0	0	0	0	0	0	0	0.5	0
chr1,100559223:T:C	1	100559223	100559224	0	0	0	0	0	0	0	0	0	0.5	0
chr1,100559265:T:C	1	100559265	100559266	0	0	0	0	0	0	0	0	0	1	0
chr1,100559281:T:C	1	100559281	100559282	0	0	0	0	0	0	0	0	0	0.5	0
chr1,100563173:G:A	1	100563173	100563174	1	0	0	0	0	0	0	0	0	0	0
chr1,100564787:A:G	1	100564787	100564788	1	0	0	0	0	0	0	0	0	0	0
chr1,100565650:C:T	1	100565650	100565651	0	1	0	0	0	0	0	0	0	0	0
chr1,100565675:A:G	1	100565675	100565676	0	1	0	0	0	0	0	0	0	0	0
chr1,100566770:T:C	1	100566770	100566771	0	0	0	0	0	0	0	1	0	0	0
chr1,100575933:G:A	1	100575933	100575934	0	0	0	0	1	0	0	0.5	1	0.5	1
chr1,100578672:G:C	1	100578672	100578673	0	0	0	1	0	0	0	0	0	1	0
chr1,100580888:A:G	1	100580888	100580889	0	0	0	0	0	0	1	0	0	0	0
chr1,100580969:GT:G	1	100580969	100580970	0	0	0	0	0	0	1	0	0	0	0
chr1,100581144:A:G	1	100581144	100581145	0	0	0	1	0	0	1	0	0	0	0
chr1,100582139:A:G	1	100582139	100582140	0	0	0	0	0	0	0	0	1	0	0
chr1,100584314:CAG:C	1	100584314	100584315	0	0	0	0	0	0	0	0	0	1	0
chr1,100584675:G:GT	1	100584675	100584676	0	0	0	0	0.5	0	0	0	0	0	0
chr1,100584931:C:A	1	100584931	100584932	0	0	1	0	0	0	0	0	0	0	0
chr1,100587250:A:C	1	100587250	100587251	0	0	0	0	0	0	1	0	0	1	1
chr1,100588273:T:C	1	100588273	100588274	0	0	0	0	0	0	0	0	0	1	0
chr1,100588277:T:C	1	100588277	100588278	0	0	0	0	0	0	0	0	0	1	0
chr1,100588284:T:C	1	100588284	100588285	0	0	0	0	0	0	0	0	0	1	0
chr1,100588288:T:C	1	100588288	100588289	0	0	0	0	0	0	0	0	0	1	0
chr1,100588526:G:GA	1	100588526	100588527	0	0	0	0	0	0	1	1	0	0	1
chr1,100588793:A:G	1	100588793	100588794	0	0.5	0	0	0	0	0	0	0	0	0
chr1,100589757:C:T	1	100589757	100589758	0	0	0.5	0	0	0	0	0	1	1	0
chr1,100589948:G:GT	1	100589948	100589949	0	0	0	0.5	0	0	0	0	0	0	0
chr1,100589972:T:C	1	100589972	100589973	0	0	0	0.5	0	0	0	0	0	0	0
chr1,100590039:T:C	1	100590039	100590040	0	0	0.5	0	0	0	0	0	0	0	0.5
chr1,100590045:T:C	1	100590045	100590046	0	0	1	0.5	0	0	0	0	0	0	0.5
chr1,100590075:T:C	1	100590075	100590076	0	0	0	1	0	0	0	0	0	0	1
chr1,100590085:T:C	1	100590085	100590086	0	0	0	1	0	0	0	0	0	0	1
chr1,100590110:T:C	1	100590110	100590111	0	0	0	1	0	0	0	0	0	0	0
chr1,100590120:T:C	1	100590120	100590121	0	0	0	1	0	0	0	0	0	0	0
chr1,100590146:T:C	1	100590146	100590147	0	0	0	0.5	0	0	0	0	0	0	0
chr1,100590154:T:C	1	100590154	100590155	0	0	0	1	0	0	0	0	1	0	0
chr1,100590155:T:C	1	100590155	100590156	0	0	0	1	0	0	0	0	1	0	0
