ID	chromosome_name	start_position	end_position	S6_GR-10824	S8_GR-1615	S8_GR-7341 D	S6_GR-3810	S6_GR-6296 D	S6_GR-9320	S8_GR-2980 D	S8_GR-1114	S6_GR-7150
cg11249390	6	139306199	139306200	0.94046743410183	0.955499585162792	0.911386360711597	0.394988036480293	0.916614194504967	0.940841033840121	0.910114711348131	0.970467474581036	0.902885365627478
cg14089512	10	102106756	102106757	0.142736345468223	0.0953748942856744	0.0872769830267968	0.0716846296757911	0.101519361076079	0.10398520529148	0.113098270798008	0.0639341042405465	0.0803634623564516
cg23538064	6	31913274	31913275	0.534750408927843	0.477115762827491	0.607233485459779	0.890491770685282	0.836011473513493	0.829118166591494	0.56457866027703	0.879435081700571	0.598619531076774
cg03493146	7	69062081	69062082	0.296888716825411	0.0108271370168252	0.0177089545722588	0.320821626618974	0.025012805737144	0.190697669313075	0.0690453274477538	0	0.109201879781537
cg16710109	12	110011301	110011302	0.0169370890326774	0.0347377764775615	0.0216608536965403	0.0255669747234878	0.0540187521909369	0.034379216801236	0.0244994700938518	0.0152153102287249	0.0247910416717222
cg13842154	14	103390246	103390247	0.0943992735020423	0.0620307112099173	0.0778488972922027	0.070613421100069	0.0796539262352145	0.137194488663473	0.064627293844307	0.0582172478762732	0.104540340073908
cg16318271	4	41748192	41748193	0.719433538927813	0.618882541538896	0.195748538901675	0.141974200917163	0.194082275831511	0.249645894738456	0.131194661936508	0.07619100195533	0.232266273166206
cg13422804	9	139582672	139582673	0.86799885052948	0.122889063629476	0.355291246264117	0.145390941286916	0.126260295310351	0.556783050037795	0.137075283412714	0.330871343364145	0.170241605751178
cg08604223	5	75903699	75903700	0.0370879504162147	0	0.0526170929437567	0.00982754196760605	0.0373311263910196	0.00321879916786052	0.0531159843188918	0.100383617777714	0.311071815226664
cg16370398	12	54448912	54448913	1	0.985857859724776	0.0999920864329386	0.877285354591024	0.471057682174183	0.49640567989163	0.752200329572795	0.404480185714209	1
cg20033082	22	18111901	18111902	0.057329167272324	0.0448729408066491	0.0559184407171768	0.0499738452456372	0.0895942490165492	0.0459109605845881	0.0703935378435346	0.0570895441134322	0.0772405371801651
cg15432303	12	133169907	133169908	0.915027633225013	0.893097250301995	0.883915090282592	0.884012524072412	0.845827715632905	0.889604000654895	0.885165325897672	0.908511122117496	0.929031554554792
cg08873779	16	88772657	88772658	0.0468206687794343	0.0903854317896722	0.114395090822771	0.0768554352467391	0.128307480590591	0.113898950923755	0.249893750773952	0.0684843238669918	0.070070206442589
cg01802593	12	22349725	22349726	0.0100428486971554	0.349208649971559	0.593375056306826	0	0	0.762779841870163	0.458275623241756	0.915401044462145	0.577363335799043
cg18642003	4	105396830	105396831	0.95287343789434	0.926955769849288	0.908419517914751	0.942955196907081	0.939795711957336	0.96545382419165	0.921002032721566	0.949210645842213	0.979590794467473
cg21345510	15	67358093	67358094	0.0415962867166188	0.0211320786839911	0.030510529140043	0.0447036085249747	0.0403758908329051	0.0326319205722725	0.0364928507180994	0.0207917080574182	0.0304545746061702
cg01007305	10	88123686	88123687	0.3116012784637	0.169095611343002	0.515072493934552	0.162554477843228	0.521812294499835	0.615368849241248	0.190302174033828	0.541561504157416	1
cg00656647	12	56101844	56101845	0.0242141384346995	0.0263477610700944	0.00699660760152923	0.0348344778440575	0.018211107424435	0.00310254648176867	0.0149727069295216	0.00228225634183533	0.0227333428942561
cg19974283	3	149510375	149510376	0.931156162782665	0.933204020379551	0.934759777180925	0.932634933360097	0.917234442920305	0.926914992994049	0.966161009239286	0.938664310518545	0.934607575590313
cg07563409	19	44731293	44731294	0.959377064105956	0.960238069112395	0.967726346345773	0.963847169894373	0.949785846524988	0.943613322708918	0.941260333457312	0.994171496279752	0.958818275008222
cg03533141	1	45243517	45243518	0.0512102458187157	0.0170651639952008	0.159973220410764	0.0570652619793339	0.0255761359048836	0.0166947268027458	0.0755954418170242	0	0
cg25653204	19	52264428	52264429	0.110487316421787	0.123715483284603	0.59257090022502	0.219625968825835	0.17873380719014	0.462056488941867	0.0876372318797177	0.162994911934231	0.25070656947662
cg04285477	14	74194515	74194516	0.870299084538403	0.848932931568798	0.559692331968042	0.828064089774893	0.911468724711393	0.87697702926755	0.865785456252017	0.925828526162368	0.901523096318382
cg02769599	15	27503579	27503580	0.778956092126563	0.847371983933852	0.473848318894197	0.863230220815937	0.421204014804818	0.85557910799713	0.844976265536026	0.879323174907982	0.602029112127939
cg09124190	18	3448418	3448419	0.0736719247853861	0.0863555585012146	0.0930255481708335	0.0763334321837761	0.0677547594159628	0.0684993823649474	0.089892770473124	0.0380466553663645	0.0477234341408601
cg06739520	20	5891967	5891968	0.537102638576899	0.0701822839761501	0.1306701440028	0.0918050159438119	0.0750594459809096	0.108214700682163	0.0444816149949717	0.0530843673138723	0.116574365066982
cg04741636	3	122283582	122283583	0.0851753889663921	0.096431746809956	0.0843300871768832	0.0356483922583709	0.0838890468853091	0.0417936492124511	0.0746005225006115	0.0551021977054051	0.0446164187514408
cg01844352	2	38763249	38763250	0.225403964184256	0.0479284375949615	0.0653915442611229	0.052847515328941	0.0684351106638258	0.0735022797857498	0.082637792605027	0.0344158985915236	0.0659478503177667
cg10376161	1	112057878	112057879	0.0592604630033631	0.0821766399029421	0.111334559871408	0.0497298917256856	0.00693837217086662	0.113755290284095	0.104101110624146	0.0940202722025498	0.0296904965231446
cg03195667	17	57408602	57408603	0.0306802424561667	0.0178117506874462	0.0255758321776706	0.0173553870543601	0.0242889391830088	0.0206240002476187	0.0312682611323899	0.0185519434867264	0.0229147883655188
cg04903159	6	44202698	44202699	0.198666461577816	0.354102142918316	0.720675700792764	0.704313219874521	0.40492031893636	0.758303698384544	0.796145236929002	0.763381640457502	0.779111853972133
cg12659287	7	98565246	98565247	0.933855217367249	0.93367561835282	0.94196808400438	0.94469242638568	0.931016133170054	0.960473395869463	0.948378234827111	0.977740480834661	0.945886680847748
cg27525876	16	89294244	89294245	0.959674762171711	0.933428661452415	0.987186263912307	1	0.923565030110011	0.955266064280479	0.938411501182784	0.951928411478188	0.974141940370022
cg24954590	5	140777610	140777611	0.216622891785603	0.30500841807019	0.346674705740434	0.131532825488693	0.214233863298598	0.204947312174728	0.134291086372843	0.141996408874277	0.428694611436426
cg17420885	1	87600445	87600446	0.681044884965411	0.531329330003725	0.581577963419852	0.61502080569978	0.273557182729916	0.636041173357773	0.584113255701911	0.861371088950489	0.885232108379867
cg05142140	3	49055320	49055321	0.0472788051765079	0.0344625082803699	0.0598301106270679	0.0413480619735091	0.0511035786650673	0.0381258092928886	0.0545206250465886	0.0463103914634842	0.0493613138626868
cg08189391	19	49533713	49533714	0.900318427484408	0.884626678681544	0.885019741898697	0.912025136976595	0.92005911231689	0.903971529883296	0.915733203976769	0.937868271367946	0.900776917560303
cg11987916	1	244008858	244008859	0.967281694892445	0.800160864036012	0.667824150561532	0.721657522598183	0.780554160482214	0.946760852980891	0.833739045372464	0.444683471494371	0.635384617355416
cg24708006	6	85483054	85483055	0.195645459151262	0.620997295643963	0.156382251962716	0.167848878615066	0.203038665914527	0.390390033616088	0.17175510426448	0.096754243823022	0.773051593776778
cg11313468	19	41782182	41782183	0.924130234434387	0.957552521575438	0.875608337758535	0.852671961434771	0.827159267440245	0.52190971063227	0.921964224232078	0.711016429635631	0.705691387706238
cg12850990	3	57313720	57313721	0.943348229867891	0.927463436118077	0.917866487862504	0.938712927138112	0.916352561094074	0.934169063320678	0.940940511019767	0.969417992305081	0.931212938116673
cg23859931	19	22123796	22123797	0.76297176233036	0.820823129299906	0.356595374888842	0.911350755611425	0.621630236470679	0.374143871516807	0.821743031070654	0.755430618821817	0.902193594910477
cg03576636	19	1918188	1918189	0.963361283072972	0.960179177041669	0.960507093590361	0.944303631384737	0.941411968952173	0.964454687661166	0.938509602263387	0.977731507535969	0.960486872579018
cg19336198	7	4746461	4746462	0.822397148331757	0.79002677687252	0.804715400046394	0.735149488751779	0.736977714426766	0.863174684047693	0.80154208518684	0.410504039107187	0.806584409133135
cg08143343	12	85307151	85307152	0.581481636863659	0.477519757673125	0.0607717810954022	0.0790393824373635	0.0660333264984103	0.259832553057795	0.134781474454286	0.0534329873130168	0.196903426434168
cg08771114	11	1043851	1043852	0.522587183291609	0.793776365099945	0.877860180293053	0.877559754443921	0.797358129614369	0.851562887271603	0.816496618687229	0.880825215348303	0.853954526048787
cg10832470	5	179105289	179105290	0.0566565627697694	0.0632742372511772	0.0661023820806614	0.0507752009743745	0.0589892717503766	0.0796590371695324	0.0550347230238305	0.0128221237677399	0.0453295352154934
cg19535267	12	57625609	57625610	0.920085839875793	0.879565613843845	0.894797764760424	0.927806999177054	0.893594115349112	0.914642254627897	0.907660771827596	0.944037390533645	0.908471051938391
cg22714966	2	29354926	29354927	0.968177370695693	0.957090725468086	1	0.97314141130977	0.92960110988852	0.97441189818216	0.966212979777798	0.955696543828328	0.986505447657055
cg13791938	3	42623510	42623511	0.0148927388138716	0.0111567039152933	0.0228501617930554	0.0168175722147866	0.0216834306472913	0.00229578796977283	0.0198019881027302	0.00939657219107155	0.0206734297010934
cg16518861	14	35871714	35871715	0.0315163086592479	0.00469820475745073	0.0688047469424965	0.00944243887705634	0.0265202122777895	0.163139020018026	0.0615646503111231	0	0.0396504452925623
cg17018505	7	92174346	92174347	0.887822190375463	0.967831716302309	0.917862552655296	0.891741683679135	0.909508059194127	0.872738462300663	0.928433313769531	0.975955181928469	0.925032970732875
cg15630743	10	134863616	134863617	0.756559510567941	0.52276555833595	0.651690151861467	0.0456894318606501	0.537377750803463	0.74538083970125	0.684997652677294	0.812465543443294	0.655177637891323
cg02048627	16	19566882	19566883	0.0266300221929998	0.0343869012368501	0.0436436095183043	0.015897099031743	0.034488780970552	0.0359608929143998	0.044115806735566	0.0357902954072647	0.0291501549616707
cg12722015	22	43011584	43011585	0.0427639539592187	0.0367301490706024	0.0353757869725523	0.018672487422164	0.0283949055360093	0.0341012380157188	0.0331896188681656	0.0464579636210897	0.0394434044722531
cg14859417	10	129704948	129704949	0.0441733782587483	0.109211108639379	0.179569187431062	0.0798215020507011	0.0699534642093478	0.0801117223341667	0.0777671630080919	0.0291556177008567	0.0480566798465784
cg08697163	13	112630295	112630296	0.954492624354917	0.928151376841931	0.927755109557947	0.948121235034736	0.941421425039755	0.953388172385204	0.936593983344391	0.970854324659964	0.947153834586895
cg12424716	17	47202921	47202922	0.880698763706779	0.926720900214562	0.92740627673762	0.89126731534657	0.88169880261062	0.904593170840893	0.89628197329953	0.932777754016955	0.88799892905207
cg03278146	18	5197326	5197327	0.0672170823696641	0.0541150753961506	0.0282406685050592	0.626030553405125	0.0459681928857523	0.149700963066645	0.0540169673342074	0.0200933124332263	0.0883632112336887
cg20121927	6	166399064	166399065	0.523141575273625	1	0.948434923631035	0.966897157491251	0.966341414507463	0.579227674161037	0.588529953134932	0.699132896699104	0.970524439513482
cg16179619	17	39157348	39157349	0.94349589583406	0.884162990805995	0.908722323827532	0.926460844962241	0.916106731782753	0.968096405408063	0.878769989309118	0.933646822197297	0.949430565652346
cg27527018	7	149570039	149570040	0.122230902114018	0.178777618611023	0.08106050369429	0.0990896431203127	0.128152392619864	0.288712721309438	0.597535488702756	0.60049785431571	0.157074173649597
cg15052330	2	72360242	72360243	0.883029494519949	0.885734297092688	0.88711690915279	0.876959171314895	0.885534634342673	0.895536207967865	0.863700829719222	0.968305414442369	0.913602502784475
cg09413313	11	28131865	28131866	0.0214946378446695	0.0117944542141717	0.0245781152948104	0.0157398080415258	0.0307083059015149	0.0175359157269117	0.0208147922358369	0.0169372865610493	0.0165827496482213
cg13600632	9	129169001	129169002	0.576108369029726	0.956387969144025	0.922997438864265	0.902254409645	0.927240374986186	0.895075130296433	0.911757950117154	0.96663494285362	0.679350605689291
cg13466456	1	29587087	29587088	0.591650728647004	0.116601120570582	0.0952072448352376	0.0985196487126973	0.489532850931266	0.677589162392356	0.117050278756536	0.270347774180535	0.915776275623386
cg21240492	17	7476104	7476105	0.026740499446568	0.0103934500888883	0.0365567118999062	0.0201900501436013	0.0468835853249179	0.0166617514599684	0.0152858355323966	0.00481555692941809	0.0111610901221427
cg19736994	7	2133479	2133480	0.919554105046719	0.504052690470496	0.920217435182496	0.509055501236816	0.869810930412725	0.96939742465392	0.539139993398508	0.673990159887078	0.924301812209049
cg12165551	11	8385711	8385712	0.653970845395372	0.929464833690397	0.931624718585023	0.717848475477377	0.864742921661559	0.966325809651106	0.917309168214934	0.98812666207031	0.933270997522471
cg22487209	8	27950624	27950625	0.0174454522570077	0.0286296864675738	0	0.0148656031407583	0.0382401318559008	0.0291016860706332	0.00917125411911864	0.0080086989793962	0.0315236573166062
cg09658429	12	22094478	22094479	0.0677242980350741	0.233528134003493	0.0459963739415221	0.0378534066943742	0.0680079432110601	0.0822145150308295	0.0391902982196244	0.0245005522145855	0.239317045269177
cg14415456	12	5371495	5371496	0.696661566183612	0.125256779436442	0.504498544997551	0.453704549367211	0.452236472321668	0.690094452851392	0.384883020789121	0.510823227280921	0.58865833602299
cg22793897	2	134513564	134513565	0.613643694274296	0.49804552387738	0.737131638646392	0.541584513516408	0.0475187366180967	0.808463958874077	0.156413028765736	0.661915683978712	0.531779864428023
cg17502594	1	62107541	62107542	0.952489480260245	0.497657622928244	0.0543806310259547	0.650139069771027	0.137934042424478	0.416025486568755	0.090810649527217	0.0313189026672744	0.149170331265463
cg01406864	7	136953056	136953057	0.685797988350088	0.442336922626103	0.553929143607394	0.525795734366476	0.625098569204175	0.650277867705791	0.617619761542347	0.693493453950448	0.605218924738279
cg25452503	7	23052615	23052616	0.00467066452479354	0.0509044119903229	0.0130530031578462	0.0513772430956438	0.0269594973067571	0.227665580830965	0.0589967048163587	0.0538223164503988	0.0737199004778078
cg02873525	19	48675304	48675305	0.933750088932041	0.966311888597516	0.989474829531969	0.984420931836205	0.9363114756616	0.944690669421928	0.96209265745876	0.97600449209301	0.982076928854145
cg02061820	3	152046750	152046751	0.0417045891716097	0.167553325121815	0.0841397330963604	0.0423963005358596	0.050864311980146	0.275847863083102	0.0541389401576636	0.124515926516895	0.130000650219147
cg02537909	2	165697594	165697595	0.087838799440364	0.0702401008091108	0.0768887599435446	0.0893570126114932	0.121866318973833	0.0895225617452738	0.165476216733238	0.0615481071607085	0.11219317111477
cg18334727	4	15659863	15659864	0.647019095773036	0.850334711853867	0.923928096000122	0.936516028874152	0.884546759491888	0.956175257642031	0.892794980108415	0.953044601300635	0.951689877861021
cg02862761	3	142681014	142681015	0.934622156062466	0.936497745663745	0.907708779323277	0.833856728305229	0.882232911988527	0.918262027277567	0.904422408421784	0.941556944478516	0.875542794998074
cg12440040	6	87725661	87725662	0.903607685930639	0.895464848439572	0.862863356146754	0.871856437217051	0.896693753148765	0.935593340029293	0.85138945417847	0.915511810387386	0.889896976974007
cg13862848	13	44272415	44272416	0	0.0275404862652209	0.388060319327228	0.00333996493394403	0.354246821974959	0.651637620909947	0.522450063435378	0.758351958319476	0.0395265914929832
cg25575961	16	85775358	85775359	0.585878288365914	0.880714320275211	0.889085919221952	0.82228890671011	0.538101840578864	0.772067812995419	0.861962075515957	0.860349128239415	0.843487478168783
cg22132309	11	2923489	2923490	0.102182310072174	0.0872018681792784	0.0936535097141293	0.0702687761706051	0.13308636807665	0.0736399891158614	0.104254051345245	0.0754583355135697	0.0872839859540368
cg20244295	15	90625075	90625076	0.950320176138324	0.963915106477086	0.900472570602204	0.89874404598878	0.920262584418385	0.976182801379078	0.928313298802927	0.96342915720694	0.86179585111925
cg15746719	9	90113812	90113813	0.149113323057658	0.108021285380215	0.168201219684435	0.0740922220433597	0.0921835579606046	0.286220182707974	0.338187442248378	0.0623055310714266	0.404912615062404
cg10813908	5	138863040	138863041	0.949456189574494	0.938059877988514	0.929277676257798	0.531759057366333	0.926712864631131	0.879474683289472	0.91684383172679	0.908624628241966	0.655231794606375
cg14144771	14	101438662	101438663	0.908551330606508	0.831141789380205	0.927708374270841	0.953819791068928	0.891443545360484	0.953243516391339	0.882292341834509	0.897985847753318	0.919929152980701
cg18928866	4	187185996	187185997	0.939762436594585	0.629417683856045	0.894242152542252	0.92126282719325	0.910576693219201	0.943915440855744	0.933954086810675	0.655510412191832	0.95513678120179
cg13664919	5	883952	883953	0.9308092840159	0.932811286873811	0.943056389718888	0.911740692024403	0.929110548779825	0.942440339076982	0.950974740725429	0.970303983314168	0.951775412433492
cg23303246	11	131640134	131640135	0.386799322159152	0.749370537013601	0.659347722773941	0.670345694261884	0.614402796692198	0.776991803274626	0.545796816832968	0.405916312144163	0.417585865557766
cg03750778	6	56708762	56708763	0.0855776930152521	0.0419948980899559	0.0935444200476688	0.0951586638176787	0.0462161007953516	0.0891104377521689	0.0491317341384767	0.0270585329992385	0.192554237573117
cg05284742	14	93552127	93552128	0.829196457126881	0.914502501611701	0.867652087276963	0.50071720240123	0.734506451634284	0.798535091006577	0.858349061789601	0.868858756944217	0.826072024713629
cg07075512	4	146402942	146402943	0.0371470872323472	0.0195316745198903	0.039049052672327	0.0428631506454399	0.0325892122226652	0.0632709106508521	0.025555322704491	0.0357044580408749	0.0316468494793893
cg15686782	7	2143885	2143886	0.418093240279061	0.0896233192246462	0.0837022568891762	0.11930479233045	0.145904739316644	0.470011100442398	0.434786239088574	0.402912990197832	0.266583138621771
cg07622815	8	22526587	22526588	0.0628953939670806	0.0433924452324615	0.0388573973359739	0.0413237633402242	0.0528084053224945	0.0469985239893509	0.0574071937346619	0.0213584854884603	0.0375005629360372
cg07687349	2	162273151	162273152	0.35863391807863	0.0143141075287582	0.1234566262922	0.0280486525509122	0.0136607225560536	0.0492275118722634	0.0468095698774375	0.0308792210285534	0.0483861625945235
cg24924449	13	98507989	98507990	0.062228362773133	0.0697509198358369	0	0.603144029792941	0.0673666190092679	0.015577425591014	0.0712564649186611	0.082900830819522	0.599175663377081
cg06806044	22	37655773	37655774	0.0330641270689972	0.0145991798670447	0.0222119920022553	0.0556625148629914	0.0167101100571996	0.0976784566416795	0.0264429965790977	0.0285359100760454	0.03633407805672
cg08342919	7	100894786	100894787	0.933139804327162	0.481114645442968	0.936863604058237	0.906375005798372	0.520027695709766	0.453745658979431	0.61453604661824	0.93767309820649	0.427446973662529
cg27234648	15	91077405	91077406	0.873910885778494	0.807555395091472	0.836554776534555	0.862138821916814	0.846388719764227	0.864754472768177	0.803679053729881	0.85742698748417	0.887404340724508
cg22716151	5	532958	532959	0.819479239894472	0.281110249193122	0.228904910656977	0.503182015220188	0.507554053538306	0.828716683780593	0.796527869354137	0.569540513494122	0.821049148075603
cg22566565	10	131909017	131909018	0.0981843956101522	0.0980124652175305	0.0824822627393715	0.0780179926221502	0.137425973126906	0.0863653762338741	0.0984779766699032	0.0739882485275691	0.0797720331667011
cg19519964	2	223290011	223290012	0.113314805514319	0.0651875351430495	0.0902153308307901	0.0715232698233468	0.0872758725118668	0.425789392726522	0.101200099580454	0.571484145434503	0.128980243408557
cg01574644	4	163084857	163084858	0.600032136321441	0.465765235739645	0.23857466349513	0.231811883212523	0.197200946005118	0.797768504253504	0.542750078711967	0.225683941939697	0.105050994461258
cg20098854	8	898406	898407	0.0579020350256912	0	0.0960004256948702	0.153247796628283	0.0765905363207671	0.176226526894453	0.0348970639013889	0.059016356128227	0.406638317531056
cg01988325	5	54467377	54467378	0.297310007542323	0.0454360285423781	0.124565862762082	0	0	0.590406178621363	0.0424501974702205	0.0411793468298243	0
cg12715266	12	60812458	60812459	0.966544028669068	0.92573796019685	0.945692601040396	0.930614163518469	0.730832725715283	0.951063586043173	0.920389706945384	0.950010856781083	0.94038631724805
cg25522738	7	2416485	2416486	0.529206392864114	0.821214805636049	0.518529965554236	0.518748812160006	0.852067647234249	0.854180994609825	0.865587620498288	0.901517304186625	0.769328277567621
cg27134147	15	78592305	78592306	0.0289619189590511	0.0189730703325704	0.0276873835420624	0.0181750338163145	0.0268418037785763	0.000999506112557211	0.0364348467736979	0.00667503992199759	0.0336453160351419
cg01355876	5	131281438	131281439	0.951299086050314	0.924684402014552	0.961442985947945	0.548583166402796	0.92889327333004	0.960138082139327	0.950928528905578	0.981385627662438	0.928541496463691
cg26632776	21	45875533	45875534	0.188933631155264	0.157383079753457	0.14425360975981	0.195820238935921	0.157537284893273	0.347037264855334	0.142030600745499	0.106345698637504	0.271338144333555
cg14144294	6	66011625	66011626	0.808344900402532	0.709451075733286	0.795331894270624	0.74708419557188	0.805098509861516	0.814014130353436	0.821571718440965	0.858424070521281	0.774077392085018
cg09653641	7	92455498	92455499	0.602157997754107	0.222934517611518	0.14671694162886	0	0.597060272029957	0.564527224721196	0.183404374041463	0.123660081945452	0.520802866590833
cg03989987	2	113885276	113885277	0.0122744251604019	0.0502066909931384	0.117590584166342	0	0	0.571356792500122	0.0323498480538668	0	0.565831028383538
cg19145138	4	177120415	177120416	0.869624551346156	0.854693099728094	0.833637054765918	0.83162862941695	0.811319364241922	0.751459789719691	0.813587293693231	0.900738269521238	0.843244221210662
cg25125898	5	5422195	5422196	0.0337408534954465	0.010658931967327	0.0422527104100235	0.0197148580813914	0.0460728651166324	0.0278124730237757	0.0335272836556053	0.0197145813500307	0.025919710951328
cg20704635	3	44283118	44283119	0.967830314546837	0.932003234073233	0.973129821852112	0.620248453718927	0.929146378754604	0.991503158231815	0.967063728952737	0.982245387362262	0.957510140537746
cg03355147	16	598832	598833	0.976871150901269	0.979014371736274	0.949108955340183	0.96601851140483	0.964535196440013	0.98098111553618	0.967919858961275	0.969662840670248	0.96053595500114
cg02302097	10	95723149	95723150	0.856198071515232	0.855055156095894	0.447465640517445	0.765776594194212	0.416389080400625	0.702494161879477	0.49026134962636	0.816905106113751	0.664582406238847
cg14353527	9	139836883	139836884	0.92284501974531	0.907685208406416	0.932097643787767	0.945013498298199	0.907684843176144	0.938994115651244	0.928825581138078	0.937289259014013	0.947382548301327
cg25024074	2	182322500	182322501	0.0576767860411719	0.0574749039975031	0.137476473341345	0.0431891592693524	0.141054030937761	0.203712868764189	0.0523378006724817	0.0625237020197733	0.42181316989044
cg05138148	1	48449894	48449895	0.577862530853436	0.220648020895107	0.208994345063472	0.268350543524964	0.280828200431732	0.396108242464706	0.674553388531809	0.198126016423416	0.300988372102096
cg05481163	10	2756727	2756728	0.892661319380623	0.574830940184836	0.900931798847901	0.780170394111879	0.859586483158327	0.878532979491748	0.903576840500482	0.911000779720864	0.419337133959669
cg17029721	1	27317433	27317434	0.855357749406394	0.524010551663527	0.839829441749162	0.639546809923412	0.844868530837779	0.726140994780342	0.901955190696751	0.886817903974194	0.696625902723898
cg06540283	11	75337234	75337235	0.911926377437516	0.907647988287457	0.925730545684523	0.922095065853117	0.914915598278392	0.926288586737796	0.904468094753467	0.94290249253313	0.89951261057765
cg18486102	12	50297776	50297777	0.0405215341168222	0.0148573941445402	0.015494297661443	0.0255859697004849	0.0312847267170673	0.0335793079566798	0.0148082478699895	0.0194201167950906	0.0138980662987625
cg03511513	12	90472776	90472777	0.948251265033228	0.949558193853565	0.899637742638653	0.515725982288731	0.91138374201629	0.948805043761694	0.932962567745614	0.948060638065652	0.909014198188136
cg19014295	6	30884927	30884928	0.859982828363958	0.798872448425804	0.829765010506507	0.872930275727408	0.826248069422121	0.872928825841344	0.796738404577644	0.870198627331622	0.877889443273874
cg08872891	8	146275879	146275880	0.891565408061852	0.948538827060292	0.919596034431535	0.83757605871348	0.821526115293479	0.950132127824155	0.869897077638363	0.954969800315517	0.909878770191651
cg12388760	17	18131640	18131641	0.586676137421678	0.641197304109663	0.641804116858941	0.555747340782498	0.573684751223119	0.558636563605404	0.437068222069067	0.645078934452706	0.583729139310207
cg02328278	5	112769926	112769927	0.838026261859985	0.84234573480761	0.851790639079083	0.81149231253365	0.84043128619938	0.868090604055536	0.88053434484889	0.89474863102326	0.77048925964534
cg19559774	10	102747160	102747161	0.023498534361865	0.0125398238812416	0.0266797269884555	0.0251480947804502	0.0189934113291353	0.0326917211672083	0.0373884721146265	0.014971006912515	0.0378336367684529
cg09326204	3	121953248	121953249	0	0	0.0279170485581661	0	0	0	0.529696893032486	0	0.126136938850078
cg03624415	15	64995498	64995499	0.0776999463894279	0.106237411672913	0.107024130759436	0.069620290337886	0.156164928973806	0.0759346549990911	0.078714550478462	0.072124535212449	0.0552677336085364
cg25669088	8	786657	786658	0.925610713234622	0.596413034019994	0.922225166079975	0.780603621985724	0.877365475979992	0.878400561004685	0.929850494669651	0.466749009650389	0.903669164205292
cg19149785	19	51506272	51506273	0.542732398781644	0.209560587736345	0.813101620129039	0.448315562645312	0.90254844698247	0.693372186816059	0.8358461067175	0.2205497512169	0.132776410543855
cg01842720	11	7535886	7535887	0.540281590208592	0	0	0.0959764344163126	0	0.164207553551747	0.0445484551179047	0	0.121942428180643
cg22738655	10	13276305	13276306	0.120678294063516	0.783573625805742	0.461716811641635	0.611909399158189	0.66848408018506	0.846540339779185	0.752303223053599	0.482914452435638	0.459708685846039
cg05718160	2	32581936	32581937	0.0646038130771387	0.0496999402616418	0.0548658999200555	0.0783934046625594	0.110536081223244	0.0846847453844438	0.0729285509445675	0.0475790971104344	0.0467777246702051
cg11175032	1	150529890	150529891	0.867208511083943	0.855667346022322	0.867953438953511	0.503978078068045	0.890417618386585	0.895926634051201	0.804501062602504	0.926622147286768	0.907383137197591
cg27565972	4	186396432	186396433	0.940355435114896	0.90643947491115	0.972197865985705	0.947655592688841	0.913958260467093	0.644487886113134	0.919817105649718	0.977068318488903	0.930354799153421
cg20916646	4	852690	852691	0.873052709257888	0.886781032690152	0.863477256774092	0.910356070245036	0.876081471002127	0.881796707533247	0.865087216007372	0.916098368254985	0.890097984155426
cg22832103	17	41605388	41605389	0.931797866150516	0.923109622173676	0.908403418656346	0.931157192504733	0.908153206859157	0.918726488512361	0.90827505533186	0.952953238898316	0.918735448581001
cg25627341	8	18992571	18992572	0.823161948528078	0.843048541765435	0.945923375143181	0.719226182219367	0.911106508522768	0.87939128074351	0.816226672152491	0.83988410697847	0.762689731616979
cg02644840	11	3876534	3876535	0.0362542694875092	0.0482659997101656	0.0301950265988392	0.0308076556438475	0.0444477245026491	0.0296696949824019	0.0255954780156511	0.0136877253930065	0.0202286931207324
cg22519947	1	2271418	2271419	0.956889486549377	0.954039096792043	0.951227342345108	0.958205693300297	0.942722374201145	0.962166663326264	0.949218529387883	0.967702204555992	0.961622392502882
cg16524960	16	69141344	69141345	0.0358238853537695	0.0282487176545861	0.0173065378392232	0.0115523095108873	0.00813108791589499	0.113399754253482	0.0185311931272835	0.0384624703032275	0.101639642570797
cg03679305	1	9129486	9129487	0.0383096850117763	0	0	0.42119091050216	0.0480506244130602	0	0.0512261827363317	0.0266249866185262	0.00899688043206404
cg02849953	7	127984184	127984185	0.02492240252263	0.0651578854718112	0	0.0292227721002923	0.0115919050869827	0.0221278321910887	0.0292823517377489	0.487214268578186	0.043534270184581
cg06674392	6	22172447	22172448	0.90576563537867	0.894558403216038	0.863914950879262	0.882731767454673	0.899268732347721	0.897113495372128	0.892651428870271	0.973082579283787	0.89453484405092
cg11433098	15	99987893	99987894	0.0328974965061577	0.118890623652228	0.324587185011478	0.026123699033546	0.128049583096308	0.0511597398488609	0.409322814365906	0.171826768554243	0.0208238038825909
cg02744888	15	68778119	68778120	0.813186853560549	0.823012428963937	0.859766367231674	0.74019764459477	0.825943484526426	0.869708276489904	0.878787678415749	0.950476559528771	0.719276577769108
cg03034634	8	11141679	11141680	0.0649675954566053	0.0448729681068155	0.0366770582679698	0.0449448080611675	0.589028516709805	0.144440626066644	0.0594524519714851	0.0310770842335652	0.0519578539996132
cg01730944	11	2907056	2907057	0.0340428180063938	0.0142349073207125	0.0224324114332427	0.0173762894929862	0.0379844973483404	0.0718938284698959	0.0171126975388083	0.0121956295687945	0.0319322833667902
cg23613051	4	2820427	2820428	0.0149823916548011	0.069132787405255	0.0774600367831223	0.0208187163504456	0.725279182558241	0	0.081583926090737	0	0
cg20338410	2	217399274	217399275	0.0381077719368095	0.153948002774633	0.846615040233412	0.662415316061192	0.536953555144227	0.805048187468342	0.5410071903977	0.916412104112199	0.505177596070202
cg26747948	10	118390496	118390497	0.846666676860229	0.57026168823922	0.849029956877885	0.837165346787204	0.801985747098793	0.605006865267269	0.804711232215395	0.927219727326351	0.4533190486103
cg06638980	22	22471929	22471930	0.662500774850343	0.662897718745056	0.538462779561336	0.551832828183878	0.773583529341006	0.57651924269203	0.884217597091633	0.631387739917149	0.656950399132455
cg10475341	20	2644957	2644958	0.0816072018350925	0.0841593246985586	0.0838201348005638	0.0782970379502696	0.105698550363344	0.0650384271661907	0.0693273744471505	0.0384485200734637	0.0518335320362909
cg08722695	2	74378749	74378750	0.931863572462243	0.945160424539777	0.918133820408379	0.925289664511878	0.918102558604028	0.747231271452465	0.938822531856454	0.956507716651071	0.919830142929936
cg22449901	1	160255757	160255758	0.927882501862235	0.920950865206585	0.938174146004783	0.937589855308492	0.925671773491458	0.943060135382807	0.922699296049298	0.937723145026447	0.930411560192656
cg05436231	1	27709788	27709789	0.0995042164271666	0.283533538010563	0.0582255189841757	0.513644064223887	0.603510108364933	0.829686644661836	0.247255527882574	0.541910888399021	0.619980450975493
cg01033299	12	53601014	53601015	0.0764269816984977	0.0597322552524266	0.0633659358541215	0.0566505001980433	0.0781242059753421	0.0462892485397171	0.0650232262073319	0.0704992487604189	0.0510693379610852
cg20535715	11	34127019	34127020	0.0550897587833132	0.0437769461585412	0.0490532124004912	0.0443117800596583	0.0604241991893266	0.0521555914343404	0.0504106300262903	0.0371403080964115	0.0386382765059372
cg26022242	1	161576955	161576956	0.427383129821008	0.531321937588213	0.68035794769313	0.487908069994553	0.508480482614129	0.53336894449661	0.635637903711168	0.594097476820041	0.705674135666896
cg16735938	6	32073323	32073324	0.966047911728174	0.958011263503794	0.63545405875357	0.956988298499724	0.93966449828612	0.964333938055648	0.958915620531302	0.950481942514639	0.988684347488966
cg09862509	1	181069575	181069576	0.336285714334434	0.245702701209767	0.556420316778473	0.290824235903541	0.2748426934716	0.493523437602353	0.791415029685556	0.513459306542606	0.147327005266746
cg21012296	20	21502727	21502728	0.625378400319443	0.615280714949454	0.184816302384767	1	0.303526045072036	0.420410302342665	0.29063979513606	0.310012838721932	0.373782590085207
cg14153650	1	36687691	36687692	0.529888619820216	0.487634241058591	0.545540650142568	0.421658613436775	0.497807813749747	0.589939312563827	0.409045991412946	0.659506226441972	0.49001361042249
cg24474319	1	156671385	156671386	0.353142612894589	0.281588038459754	0.103928445503179	0.0392423837159341	0.46887949004214	0.0809535928880563	0.274338407974836	0.450031893803177	0
cg06163593	10	120718789	120718790	0.0487131466115624	0.0518784544959319	0.0510607718392115	0.0280351199589174	0.0325652044593302	0.0455289312176872	0.0587133728442632	0.0249248880299832	0.0426822387868715
cg02461114	20	61560372	61560373	0.0392266875737477	0.0356276864707945	0.0428130440563992	0.0202469202905165	0.0413617739657733	0.0843309568043911	0.0331807836739619	0.0178360293156496	0.0282824069639001
cg04270401	10	102806870	102806871	1	0.920162386456897	0.520479028899182	0.180392093684567	0.970058198955802	0.991575192650379	0.983276962761853	0.638312580067304	0.759569748542619
cg14699542	8	94712630	94712631	0.0534391800025424	0.0438746741781851	0.0574448799754445	0.0508883341412161	0.0611887699438302	0.268879859476251	0.0736615264162847	0.0433932674880143	0.0537296278508661
cg23972869	19	49123741	49123742	0.931823446140232	0.915104802293953	0.603070699766874	0.898278781103861	0.595448208946096	0.873527671736617	0.941716236526981	0.650299254251139	0.497848077347322
cg17851046	12	106979077	106979078	0.0770542766422129	0.221604728485001	0.109803636049703	0.118283579917214	0.171940930656871	0.121439941761982	0.493325816730576	0.06636117637057	0.11397249163561
cg11785625	8	67521143	67521144	0.497650798141347	0.414947073227542	0.838137550702402	0	0.507464572117973	0.581444591538067	0.164766846860952	0.583089213447232	0.00304575219957861
cg07972015	2	21997566	21997567	0.925100676413423	0.968828891349583	0.919039781951929	0.603709205795914	0.956749534485571	0.956890517446536	0.955219053038271	0.747858385347647	0.946701170606948
cg05205932	4	82086281	82086282	0	0	0.330833405669233	0	0	0	0.185440834899119	0.702552455331073	0
cg14572467	11	117800254	117800255	0.924321914613462	0.951168916776346	0.942327676684722	0.944004788643767	0.906032047787088	0.946433810611798	0.936460783077921	0.988021897687152	0.920319317279097
cg10708898	1	35309302	35309303	0.920913472518884	0.866130609505265	0.568642284731484	0.943415337758507	0.60557455441236	0.615243650770133	0.89981078082404	0.935697223424167	0.956499006378963
cg04867257	16	1158496	1158497	0.0503017725314219	0.176456204213813	0.172064981909495	0.0417031116600117	0.112629751736646	0.133371442187854	0.0531094558131919	0.0346464281306559	0.0306499285983249
cg22504528	22	26951368	26951369	0.9210044012975	0.910079232753847	0.914425972391915	0.920690100980576	0.90214676865615	0.931198865147917	0.910256299660914	0.956798828742577	0.922044950061249
cg27262122	12	124196670	124196671	0.0449030883871107	0.0280253880342444	0.0580230655213364	0.0329508308991515	0.0609248158342006	0.0423630165590357	0.0422850590561281	0.034260518041337	0.0210732190069371
cg04619603	7	27224091	27224092	0.195647607198401	0.0234951429334395	0.101325034782993	0.579087429293034	0.0671612876278773	0.204372908023769	0.0257496210276983	0.0354329133385912	0.389685354538265
cg05087948	11	66336196	66336197	0.149910382870868	0.0638790427922775	0.051364313463974	0.0588262924277459	0.103639634598889	0.071724339923352	0.0578821594599061	0.0600230280215564	0.0407594056860617
cg08296191	22	51159554	51159555	0.941947611318156	0.934925016085447	0.912275060118539	0.937723188401326	0.918139453019569	0.928248129273533	0.875790424216687	0.96361421553716	0.930560502398336
cg26437697	14	55143754	55143755	0.945266008592592	0.69741745575213	0.98102872623475	0.945964906399236	0.912848238059517	0.976335989702924	0.860053964520262	1	0.977390734953167
cg04665351	12	2999999	3e+06	0.0381002034789112	0.0435035179756805	0.0429059333662941	0.0512525072368794	0.061202401447248	0.0403311729438483	0.0442542042099088	0.0157780042789969	0.0666789594694266
cg07667522	11	71935685	71935686	0.0541783044645776	0.0441572625256462	0.0606661612515655	0.0168956738891476	0.0508171817087504	0.0237903043721632	0.0742733701631976	0.0364933277181184	0.0321479984237783
cg00070814	10	70715957	70715958	0.0255104154231829	0.0255579499568892	0.0387377282781929	0.0256093386992837	0.0316460299538247	0.0331545577774077	0.0308605501265396	0.0107761110345176	0.0129033772618375
cg07908160	17	56296981	56296982	0.0136519499656774	0	0.100996579625642	0	0.0704154556227928	0.0390308557205219	0.0382243388530988	0.0346624116192114	0.0447193549731246
cg19678538	5	140605041	140605042	0.764187708919714	0.637801462892913	0.611226252933378	0.703414885620882	0.615175865134572	0.680613633215937	0.567809046283996	0.670800223652754	0.76704066637047
cg17470397	3	193308168	193308169	0.955726874611076	0.974816615067745	0.932907056928778	0.967813850850674	0.94362379860795	1	0.974561549600129	0.980553073443039	0.97674053336619
cg18973238	1	64169292	64169293	0	0.00919913158750829	0	0	0	0	0.00877351185594902	0	0
cg04539155	12	122218946	122218947	0.885389043534152	0.725038364830237	0.857698172692782	0.868773369480746	0.554797161268195	0.841215401314846	0.539558139485966	0.867823873269767	0.918126104779788
cg09684187	16	88923886	88923887	0.0444607361060088	0.012473244188698	0.00581004830674832	0.02211359986275	0.0158998803830362	0.0167028612500038	0.0151708550841394	0.0126871124963452	0.0245028871284217
cg15645203	10	131631712	131631713	0.967972775542498	0.931210198516008	0.933827409030697	0.945050393740666	0.736070779955811	0.969490321528063	0.897117691562216	0.946739441006392	0.960555707675196
cg18642835	7	127990883	127990884	0.860891438408888	0.868487953201539	0.827334408196649	0.78933329830516	0.875030435146454	0.888568751834022	0.852521568409189	0.845723201313742	0.86069328997129
cg25789511	20	60757918	60757919	0.090994308112857	0.100108784883707	0.118411145359271	0.106540408339021	0.107988422582216	0.10173185182056	0.094280028460804	0.0645459018719215	0.0909337005666254
cg27311414	1	161147231	161147232	0.0376094360062522	0.0136342147717596	0.0258878292710195	0.0192297662540246	0.0235961161101343	0.0201539738291006	0.0201341727135048	0.0153873226410185	0.00561993154563756
cg10111450	7	94537827	94537828	0.116275569619785	0.0822986666998247	0.0859006006254679	0.0477336325257205	0.0807974462108702	0.0826676425368589	0.0773468091316902	0.0981095090251428	0.103084687696204
cg02997163	1	3551813	3551814	0.940341939586959	0.864131428694385	0.965205929450453	0.920079666256505	0.912270264739731	0.950169229989835	0.943675685425043	0.970325414596733	0.943896471684735
cg08842232	2	226265446	226265447	0.922323815728803	0.828653332711679	0.892092450444145	0.963919471755183	0.888970749112111	0.927253516710691	0.848630744139026	0.495011917792385	0.989466207145034
cg11613559	10	121577970	121577971	0.933454232144103	0.808172170838696	0.622349342027751	0.951111399387426	0.454615425086573	0.978466692562814	0.955324865236346	0.958791505310571	0.936868323254674
cg16972240	19	4544573	4544574	0.901704682959324	0.88552883029431	0.90648057406166	0.902682148781436	0.88619586496345	0.92637902669907	0.926727002463065	0.392177997765008	0.627914648813142
cg19137098	12	133464073	133464074	0.0353954191535344	0.0241178521115041	0.0362583276016882	0.0368312794287646	0.0444711544032418	0.0397099818074608	0.0388986459368082	0.0286212293082485	0.0407730295449237
cg18315060	6	41374531	41374532	0.878509285959479	0.91010048043371	0.922834862669919	0.898004228868734	0.865456667565161	0.973389588286835	0.923020241439004	0.864151422041418	0.907347551684636
cg15320277	14	79316417	79316418	0.612619767802485	0.17530870695321	0.297641291700326	0.0263971154507263	0.129641916951414	0.975889449931088	0.676901534485682	0.232515122258122	0.0591513841412179
cg02587606	10	77352230	77352231	0.961347163239858	0.905617663407518	0.484195538241994	0.944486889034953	0.414334778141686	0.918606962994075	0.555118750000834	1	0.913324641632871
cg11776930	10	88427399	88427400	0.814032965781723	0.354579551368524	0.737718648931095	0.803450806579982	0.81449321187269	0.805941073231521	0.757327175072951	0.864462126367428	0.879410612728262
cg20296532	2	120282271	120282272	0.862865604170237	0.729581621601391	0.66029618563479	0.846428050075676	0.64098924936007	0.882359174011295	0.722055138362808	0.92844275672398	0.835648356728015
cg27384918	16	87590623	87590624	0.486181964257368	0.321369860299731	0.300171580308301	0.366409692896538	0.112221997872714	0.457912816799557	0.407287530307448	0.370452488883936	0.323367328612637
cg21805940	13	101174419	101174420	0.550157823213669	0.969073708722264	0.060413600016454	0.641670674956545	0.594486055800089	0.496583231402207	0.607307023353894	1	0.586494568466529
cg26094983	17	65242095	65242096	0.0246631420334516	0.0122717476101461	0.0318580152828176	0.0181065228351758	0.0368497223761754	0.0343655733283048	0.0158720388411827	0.0123106727444334	0.0188810500723018
cg21877245	4	107237939	107237940	0.0332083419228682	0.0253142834098558	0.0454377615262089	0.0204333113941127	0.0274274200145318	0.0161490540448232	0.0334081138285795	0.0267802932373079	0.027209698801024
cg05501742	16	126891	126892	0.0297350581190862	0.0287270812949471	0.043390875706165	0.035781003108513	0.0528052643296147	0.0574126656893394	0.0558929923992294	0.0346695906052813	0.0271884756057929
cg05129523	7	42951621	42951622	0.0347296642792628	0.00940703390552924	0.0350334736002585	0.0270502780287124	0.0338514758555213	0.0179794579958465	0.0271238958173392	0.0105566096425937	0.0298626080998874
cg11341711	19	47290531	47290532	0.0309691998023697	0.0249889469540379	0.0149832334938014	0.00541905386766643	0.0313185523430543	0.0210903921244038	0.0277890164928711	0.00624684332421444	0.0093363200926456
cg27529004	2	237490807	237490808	0.96213068982517	0.94586297081118	0.952530349792679	0.937249260470942	0.698914188918383	0.985988771470295	0.934534126182638	1	0.529634712439841
cg12379383	15	96896939	96896940	0.90666647809573	0.412260387655397	0.222289345827498	0.520715368854754	0.368397137057928	0.217358467926305	0.112742035082148	0.158718955243008	0.951614949996277
cg15577924	4	515662	515663	0.706392251392303	0.923575452998835	0.969598292995455	0.955341409981024	0.939136813198584	0.976681922278859	0.932642462655206	0.901686431337598	0.957138764523462
cg14689355	2	148602398	148602399	0.0795019857546257	0.0897810810067397	0.0958383034734078	0.0615230115195291	0.115403757814308	0.109049043853132	0.114862799690978	0.0496410442460819	0.0665816116035853
cg23136275	5	88188703	88188704	0.928969444246829	0.937527521559082	0.922868718437426	0.896976082305323	0.536204430522441	0.801481537908053	0.808290124925732	0.908579725090179	0.75960627376259
cg11205610	8	144584287	144584288	0.0339227072299262	0.429227776517615	0.455318911837761	0.423274702102017	0.194626052184267	0.692864353116368	0.767726740802627	0.380843227413146	0.396039788312551
cg17630294	4	7985237	7985238	0.948806471242279	0.96346993526537	0.896891142892909	0.932615056726861	0.917111560333875	0.923850178330645	0.937519224773925	0.956364907459333	0.945308910179322
cg08239899	2	3691234	3691235	0.882764114724115	0.587769766053147	0.851194076057542	0.809903618544469	0.872893526818266	0.864077867048677	0.852188888551243	0.929821723348765	0.859979022251668
cg06282462	4	128886420	128886421	0.0394502280045372	0.0363407749936365	0.0609278809886843	0.0437617141935872	0.0566777461422554	0.0269673489078137	0.0482659672774583	0.0305865951982314	0.0442818925224071
cg26130396	3	44380137	44380138	0.086151437533305	0.0874739010576067	0.0952111791549781	0.0622835619353725	0.0781771599520424	0.0825802172123266	0.0732294326932446	0.0491864247294853	0.070508579069187
cg13813770	9	139001803	139001804	0.0479257123804921	0.0538482885872674	0.0487200347211499	0.0207381444242939	0.0691832626757651	0.0560676983448172	0.0539376792023422	0.0483356154039228	0.0863484061855445
cg19297427	11	2181594	2181595	0.393403744724322	0.331504847079185	0.47839574938065	0.220082755251061	0.42087201176131	0.306852552317205	0.261739033328505	0.527672720996544	0.380493585510293
cg17997463	11	71752996	71752997	0.0672221261969641	0.0496005590797372	0.0374636016478503	0.0667865948550172	0.0629852458575422	0.189281813634706	0.0566864771441691	0.0258523813068247	0.0834738592234835
cg11070590	14	36278618	36278619	0.04537713379923	0.0363517614382862	0.0176795193290952	0.0121666414393558	0.0387639748108843	0.0189790826538809	0.0380530205934637	0.0107773236917085	0.0280210937608486
cg18371750	5	175112798	175112799	0.463502144482096	0.877209542012858	0.892066793022409	0.839555409415266	0.870941623730384	0.926332862625061	0.50435269439359	0.483533372182132	0.880203906223478
cg07357373	15	48473478	48473479	0.962383171335299	0.928183955447238	0.942109028079727	0.777253446596826	0.73860914612301	0.955040048944499	0.696055628717445	0.962735116439197	0.942082912935571
cg20930815	11	9099392	9099393	0.945750077061775	0.952892934135715	0.938750553488665	0.933318216328404	0.93413461451717	0.945054412284051	0.975841241822524	0.98142819608422	0.947890157560269
cg03916673	6	126307477	126307478	0.0326965024609757	0.0387868435606394	0.0366153044171991	0.0314787029987652	0.0364722747117412	0.0415979461788781	0.0531918495047112	0.0245934485565476	0.0224798664653991
cg00237876	17	41924042	41924043	0	0.491439746391927	0.478044672354421	0.514130101415885	0.467256554800105	0.94150459018273	0.595679459924993	0.0166623846584191	0.632935867306018
cg26427070	11	36531295	36531296	0.0181036767403606	0.122432210338202	0.0680439760320342	0.0163800436778197	0.0240422651704998	0.0120773213614	0.0429355187777512	0.0591125109738378	0
cg05452084	16	88555714	88555715	0.486134290647194	0.689731444645545	0.771595611514702	0.756846261318959	0.748088586856143	0.674151493815762	0.584402359664963	0.823115102809086	0.718932885960673
cg20591408	2	241516332	241516333	0.866227199744429	0.81332193545644	0.883377237427745	0.881666135711717	0.874868456730408	0.890949685661265	0.837711003578702	0.924537076697502	0.88973000140315
cg08163855	8	96443152	96443153	0.886929163824822	0.910592340029419	0.861548535241277	0.592041284003097	0.60271066597557	0.894392577069145	0.840496730988654	0.901782099456501	0.410579569345012
cg20379593	11	65198022	65198023	0.00812617762682295	0	0	0	0.03214309064586	0.0929391671620668	0.063601115591533	0	0
cg16175258	1	204380134	204380135	0.0347330458123717	0.0417913426483632	0.0310957563246693	0.0233052360316501	0.0530646632400278	0.025053586153791	0.0381812910605315	0.0255991818599272	0.0427222482290876
cg21366535	6	159421280	159421281	0.0756551853140766	0.0671361919040291	0.0642747636763834	0.0551264440336053	0.0550435506342738	0.0572647228756311	0.0747189612596185	0.0470367143431106	0.0692118544697552
cg15112369	11	34195913	34195914	0.0398314858565128	0.032240781555626	0.0697308461201672	0.0274192133386229	0.0379332078935615	0.151017754733906	0.0493158188148746	0.0269934445407514	0.0621490323925735
cg02291619	5	142203735	142203736	0.806534812311735	0.863628984172257	0.894707919696453	0.881420627271605	0.86569856259144	0.824585481256343	0.860621704467948	0.929096093235551	0.842212482355355
cg07446572	12	6959517	6959518	0.856161749665024	0.89905024303762	0.894949158069043	0.876847815054171	0.879883774413317	0.892427779587443	0.87806251877075	0.906345486508851	0.881174466365875
cg18108049	1	16058488	16058489	0.903082932840529	0.925555303886313	0.883454259607759	0.903573280082981	0.897833813537114	0.916538222746638	0.899412155661689	0.946996330074966	0.903728133879814
cg07023527	16	72699105	72699106	0.059808717959151	0.0299935978041882	0.0531250306143991	0.0252921814758445	0.0542041131213798	0.029784614469522	0.0393217635188785	0.0286384237558395	0.0435723769027725
cg16465643	6	159552439	159552440	0.0619199285813345	0.472185966334008	0.763743662429796	0.0247529214946494	0.432526374740792	0.716701548828817	0.157250276333397	0.108462749511507	0.744254890375608
cg16223546	5	158768975	158768976	0.525973493724732	0.691566753543829	0.0850208304277949	0.0316780385585442	0.553527329767171	0.606924129189276	0.607498906564366	0	0.768448132337198
cg22000472	13	54708343	54708344	0.945577768402019	0.699467864315176	0.969861889569012	0.945452391396572	0.964764440240932	0.916006806583358	0.894166165738213	0.924028138675494	0.887477085643602
cg16632924	5	178577541	178577542	0.955194421471617	0.952160475547293	0.943265728509247	0.893570841918049	0.920643584672561	0.964092607823927	0.926744772950764	0.936509759541226	0.924068941669102
cg08424876	3	196669194	196669195	0.0509684442435943	0.0493703821043379	0.0461466332389776	0.0359608053192797	0.0789849124982171	0.0594736685345555	0.0545349939979894	0.0310157185587333	0.0303142412283339
cg19577779	13	88326634	88326635	0.110473314096218	0.120300485374909	0.122319886595459	0.119695527903751	0.106734684987118	0.335646736756551	0.0940786815797818	0.122503731517604	0.154662519008446
cg05158854	14	96729655	96729656	0.839052961802448	0.8068287105029	0.901559405432041	0.385269992428631	0.854886901435472	0.397216176170177	0.112484351098571	0.867491916017125	0
cg12762683	17	17943351	17943352	0.0259027626111731	0.0220317600447998	0.0472731854859693	0.0179137832781994	0.0516732704178955	0.0336654403280162	0.0249410314866387	0.0309420314797461	0.0198857022973167
cg16643542	19	827842	827843	0.567366153545344	0.490294113517915	0.762563644703729	0.706407837833962	0.365590066737614	0.776429270612363	0.507506180594205	0.594813324181676	0.837779504303452
cg23609528	2	113191193	113191194	0.140012257394494	0.126459210610846	0.126330386255935	0.141882293220415	0.129317825518506	0.131195217783961	0.132133554627169	0.0955999571399393	0.130585748042744
cg20959523	2	164592476	164592477	0.125338963094213	0.108959075227475	0.0777313850799788	0.10870228249333	0.0976348521570485	0.262203555964983	0.102276887768786	0.0855837345862517	0.2371498903059
cg06830555	3	18486240	18486241	0.0325347786396179	0.0297289449488709	0.0645992172634339	0.0368938709398418	0.0844129310986159	0.0547202188915024	0.0449307262078118	0.0383202243071494	0.0505758671519058
cg18673377	19	58446897	58446898	0.621822476327051	0.462248322438709	0.211000753664954	0.102860539553475	0.238149124880167	0.644311687567104	0.173914198818263	0.231258073003117	0.292123445808254
cg09164920	16	4526353	4526354	0.0359868253829117	0.0207080923731007	0.0440967998785605	0.024606856312917	0.0355292763289528	0.0288557265774992	0.0380688867667631	0.0216411444451595	0.0415387152697387
cg03454663	3	156848264	156848265	1	0.554221137049038	0.294015155266502	0.430754936581352	0.573928545349577	0.960810293872154	0.946431681490747	1	1
cg03626024	12	108524344	108524345	0.901704651327915	0.321334958510217	0.889565527628802	0.484744954464792	0.365545667718451	0.890774224193044	0.584393109034784	0.184088341311021	0.455877308791571
cg27217555	4	2943900	2943901	0.866018783441184	0.822005642812653	0.87888589199791	0.881335513103326	0.860916823724585	0.853566204393776	0.470277010305267	0.86057512635431	0.875367471034966
cg04363282	2	233877968	233877969	0.0122291125261705	0.853052456045906	0.876777683773689	0.54941417537514	0.437060410585318	0.798028298938671	0.503398318517199	0.869558610971113	0
cg10530135	1	21022983	21022984	0.0294204382423113	0.0319566104820033	0.0363846558444252	0.0263855347832777	0.0517977811015794	0.0324543314539867	0.0369241169952764	0.0195629172950053	0.0258706172826572
cg19404813	2	208988931	208988932	0.668199588139411	0.638463052894088	0.68555626085501	0.505917783011053	0.56817696008912	0.694055078584371	0.540489208223104	0.593007657574625	0.649183258990824
cg22888958	7	28369854	28369855	0.122054410999452	0.0522369646687223	0.176287312972992	0.113871071251813	0.123510952565264	0.0703033152748751	0.279733459304492	0.190997096323973	0.0695896382140423
cg24197330	19	47551641	47551642	0.0151130265591847	0.00542883443257295	0.00016846250232374	0.0217076505411323	0.0279106703714428	0.017009772802256	0.0189940490399702	0.0082563474895125	0.015017653724525
cg22140363	12	6561546	6561547	0.0348215659626123	0.029413948573442	0.0336539355415895	0.0255586649038114	0.0292080520414353	0.0225300022654966	0.0268001899752126	0.0168070963286708	0.0525122680485177
cg06868958	1	233154425	233154426	0.908009193320284	0.572474755413466	0.94978620753712	0.943416450812672	0.925394732746311	0.947138976955435	0.940958220251591	0.977297020873041	0.946086609422438
cg24377826	10	126376112	126376113	0.915799200585131	0.905367219606964	0.908213059332467	0.906979546910357	0.871956013465274	0.920198148267323	0.951371161889051	0.915963472843905	0.746049889012286
cg03928875	2	105479484	105479485	0.743975143904124	0.141346902611125	0.0832949272766506	0.750651038145515	0.0830044036435919	0.844204434859435	0.110926522045658	0.210295220594262	0.0647165981797006
cg24408316	6	170482221	170482222	0.88602265770499	0.83626716625369	0.852555691565603	0.877052326578499	0.875504659295763	0.888789117808545	0.870553606343	0.922210134631241	0.901653170197286
cg04405266	1	27998987	27998988	0.0285412941459984	0.0115360202807627	0.054870868226381	0.0213648359892437	0.0310443907693149	0.0318848420616944	0.0383003510246418	0.0158889031174156	0.026587402343382
cg02422603	13	114890565	114890566	0	0.0858692581335165	0.113869440775765	0.0245001354170339	0.0928924244052364	0.199891251884998	0.413877263814267	0.0845978804228075	0
cg20180148	12	32832335	32832336	0.0243413638484353	0.0441928164326388	0.0352078995159558	0.0193213563597332	0.0365162419255195	0.0229000498100712	0.0309919324356663	0.0178327308171554	0.0195774797701941
cg03057951	20	60553529	60553530	0.718061472536439	0.591717908130896	0.632644291157423	0.678950250889371	0.675482696814825	0.710368771397443	0.568102949700585	0.642255989095405	0.754580636660516
cg21388745	6	39193351	39193352	0.620927028527162	0.891634420593577	0.60850645521023	0.607110362883888	0.495583403096441	0.951307918811051	0.229642042158798	0.275240644390231	0.650876194185855
cg08366845	17	6796744	6796745	0.0581045081669141	0.0533956920360602	0.753995499210077	0.00865575429495213	0	0	0.522084699395131	0	0
cg07563723	6	131949336	131949337	0.0619677290813701	0.0416653112122121	0.0808822786445448	0.0613971804018955	0.0815186024633085	0.0612243199759113	0.0454155514525204	0.0364185568772448	0.0518617661372242
cg04858536	1	181558480	181558481	0.909833086450311	0.94474712440281	0.902497860457436	0.875964252595983	0.500496198333736	0.589558576763918	0.923783066507236	0.976621119249313	0.91346630321417
cg03175854	16	13451075	13451076	0.674628057254712	0.814758341995572	0.76211729960009	0.605463949913378	0.666221562697712	0.677345992045885	0.708656377333453	0.700534031954219	0.6190675956032
cg25319067	6	10383083	10383084	1	0.220395905308422	0.0930945001286369	0.302194673510774	0.150109966937015	0.199024527160007	0.155071257525889	0.12540495989145	0.457690333107849
cg21189849	9	97743030	97743031	0.863574664714495	0.899639075930906	0.826557418844723	0.832931802325568	0.848326017677402	0.833339238378508	0.83686506232255	0.881346640116032	0.88580008988385
cg09462956	16	2082776	2082777	0.216785801376787	0.0860801687122835	0.168207923297031	0.0266736484303081	0.0574444257768911	0.0471516616543669	0.0448079029888985	0.0794667328830014	0
cg20903136	8	62575677	62575678	0.896546281816516	0.812618788584763	0.865729457832017	0.805784849931926	0.701176308564915	0.858894332740229	0.861157021550707	0.945655862949102	0.785762584762661
cg19163058	10	1595784	1595785	0.966425904258426	0.965643673117738	0.975810186053419	0.974342372135599	0.963226999388928	0.962122912052308	0.976624745976163	0.996879534632042	0.968549921665284
cg19978910	7	16922491	16922492	0.929488844031496	0.802577760650693	0.977738975788219	0.950300059884774	0.920971742471014	0.94303162927313	0.949767482220961	0.951619043945199	0.917391630468216
cg00750523	5	63802592	63802593	0.290255043792798	0.449474712964119	0.211278446835738	0.168331728923621	0.253496028227683	0.17067516599959	0.185105781535748	0.210053182661187	0.691643802478341
cg10278506	4	38056455	38056456	0.948011179348983	0.926565250783335	0.956839654070957	0.936687621657626	0.89589340991228	0.963836930872387	0.857498461826798	0.968970140347826	0.946888560004591
cg04202802	6	33396028	33396029	0.0832181466952362	0.071639975006812	0.0984310587349311	0.0944552603257337	0.0791948139082463	0.0613348099951723	0.0840429815278767	0.0449618155034077	0.0526993601813685
cg12296772	8	17271066	17271067	0.848463948237317	0.376260130491038	0.213738196277407	0.605872914503693	0.387093786566815	0.710776316150889	0.146738835431693	0.84062228287932	0.546305554939954
cg22796507	1	47882738	47882739	0.177542209906231	0.122524449096184	0.0648902141733281	0.454026582813034	0.623001227839695	0.648169464809362	0.592650500546016	0.227253908874872	0.448596118719885
cg07608482	18	56435692	56435693	0.0272240747369479	0.0128547787719739	0.0383821748696213	0.0202607617870905	0.0248861971954015	0.0232972889624041	0.0202266163249376	0.0170318777900534	0.0298413346553042
cg13809864	14	24630472	24630473	0.0440100712435228	0.0467475867519764	0.0517614726258456	0.0261722676130442	0.0333892944693734	0.0300013579739829	0.0491814526730421	0.0311516187350064	0.0407149358008804
cg08174718	3	55521860	55521861	0.0573449540553849	0.0163524675347403	0.0390918087310478	0.0750116926076424	0.112653262818485	0.388433034826855	0.0426037624659692	0.0198719913516707	0.128212365188928
cg13470333	7	1908713	1908714	0.921388119681086	0.68188366210722	0.922665905231968	0.857183783325583	0.871027849954798	0.754509302276046	0.750434858801694	0.945026764282409	0.887245497665205
cg18192083	1	6086253	6086254	0.0791024365210265	0.0642370879980639	0.0556536076816189	0.063099482525472	0.0833031896561032	0.0593187407029186	0.07293310722362	0.0742168322147181	0.0488836265755752
cg00138641	16	14397073	14397074	0.061844953215095	0.0625482429014326	0.0735806042473552	0.0611386563280242	0.0776588162195546	0.0654209717401346	0.0661235295405597	0.0480244821422025	0.058733849392932
cg01624414	4	77119205	77119206	0.0462969084072175	0.0259572841595775	0.077337041479147	0.0809501487423043	0.0345837907710664	0.239243363269229	0.0974968728728258	0.101644897063032	0.119778579826133
cg12728240	2	73870293	73870294	0.309408377716681	0.341900665123926	0.14444589561501	0.18577267124736	0.358875534605205	0.372993437686067	0.120374999887096	0.390178203933984	0.155471824599255
cg13651857	6	117002098	117002099	0.0283653386785919	0.013208644047376	0.0183696705665331	0.0190039739327037	0.00597145510622872	0.0347116975601003	0.0102879804750718	0.0282680817085531	0.0172388974809783
cg10862567	17	80745168	80745169	0.51446119400556	0.898446982220181	0.935584784041081	0.669813807207855	0.900680685115686	0.937007763063604	0.932302161648798	0.702834632146996	0.898188830388391
cg10173620	15	89658903	89658904	0.926106297853764	0.943565919698631	0.939677127230329	0.923246185763701	0.933067711109243	0.959166654790983	0.9386805304074	0.95849139950278	0.934264687279468
cg17658546	4	90032746	90032747	0.0891458615354232	0.088108029279915	0.0827812772330342	0.0779374805961419	0.108129065926284	0.095428513824502	0.0993556602927943	0.0379893227027393	0.085690821681036
cg21752578	13	51742568	51742569	0.920267896352879	0.942558650151908	0.722518635565074	0.813552002221294	0.912189989392115	0.902835457107139	0.921856907773835	0.959088496933065	0.743530778209161
cg01369082	5	38557464	38557465	0.477337040267678	0.0665594280565535	0.0371770225422535	0.0626373260556566	0.0466282958302211	0.137688230897799	0.0443177326831481	0.0887014333293354	0.109477970875221
cg12213111	17	4488480	4488481	0.164064983199844	0.950778730781988	0.239554806681084	0.134532006822838	0.508654947736628	0.281805613355573	0.367273764968993	0.50671189540441	0.597301424397024
cg18541042	7	140227194	140227195	0.972832783722982	0.944122504133517	0.894968152571518	0.912641785858804	0.940508934548084	0.981348554525268	0.904604159022436	0.988082946373249	0.942342777233707
cg21023001	20	23067087	23067088	0.0822683619109274	0.0689243912180169	0.0775837985487465	0.0500101504663091	0.102711035816907	0.0704629387814308	0.0923340895544034	0.0536078704499777	0.0689412060334886
cg20475322	11	121971231	121971232	0.103692788513805	0.197183798074014	0.129959783683339	0.112530441928614	0.163342893392529	0.379857789452091	0.0887375548570596	0.255493932550209	0.12979839096033
cg12958642	6	33231504	33231505	0.544138371715806	0.891925651563165	0.920769100138514	0.528482039428997	0.903736796990917	0.912807315408996	0.946361379136513	0.562900538486294	0.927391153031876
cg18198301	15	36469090	36469091	0.853717547219604	0.846842161950303	0.956031440421982	0.902710207458694	0.943008980495283	0.943503887634559	0.886340766593142	0.659882104312465	0.948643440746198
cg05093318	2	90167463	90167464	0.830334202512708	0.813681697471788	0.867290832119182	0.859807574695337	0.844491586947977	0.8792368126886	0.863714498834567	0.374242178485995	0.916705403975706
cg20159193	6	34352081	34352082	0.400763689739212	0.215726019379292	0.36363977853955	0.0163139088885375	0.0337459769470907	0.178001118658639	0.29818440724865	0.396218079997928	0.160802643191249
cg09397246	15	91427360	91427361	0.0720644850120179	0.0446672247476707	0.0451746754924057	0.0587578813509651	0.0628602767093878	0.256954294190517	0.0987502912601017	0.622289002047346	0.0739459566223225
cg18357908	19	41107081	41107082	0.0328675332433654	0.0151182165522924	0.0327507853270226	0.00806586662998926	0.0294909537569565	0.0310306600908141	0.0235400366924892	0.00541705992604285	0.0223789626507393
cg03514843	2	27301194	27301195	0.824413307073483	0.792706923467878	0.802397159756656	0.484460222196308	0.824272393786675	0.455460159767236	0.786682130348499	0.76785326608312	0.852005811734409
cg04339860	16	69796074	69796075	0.126896778090557	0.0859866264900293	0.0900769240651835	0.176577656493511	0.0987092200814109	0.138294522694893	0.13594168787181	0.0740959279520773	0.130043816967918
cg07115626	14	38071284	38071285	0.502450592182803	0.356257698014313	0.639135621432429	0.494211755015355	0.217976013111925	0.609614064197649	0.805250570198752	0.448331211240786	0.578850929033258
cg22372070	3	11861649	11861650	0.932985471139656	0.517939166761715	0.797643417660264	0.944806428069293	0.891353064797453	0.848269274469292	0.921103308172428	0.988712262809003	0.877483287166379
cg18315159	11	89715141	89715142	0.874096902912721	0.600563185032978	0.895703467971768	0.746438238163678	0.653579053648167	0.862663037841521	0.899608613030469	0.651925489878064	0.733162697200391
cg09324669	1	234749104	234749105	0.073884473667127	0.0474830494576836	0.0261143919630668	0.105268861659762	0.040692010590872	0.175172315564919	0.0550979878319274	0.113003475346413	0.124467600969435
cg23897015	15	26154651	26154652	0.9606285578145	0.983902281348094	0.966776050262637	0.934696243902451	0.914313110340472	0.943428792941426	0.941988225265668	0.984323267422799	0.947810377901205
cg26633751	4	77997926	77997927	0.0286701755310599	0.0247283360425166	0.0173228019755004	0.0148832016046085	0.0276864015580011	0.0103633504019197	0.0356776793966612	0.0131191166783842	0.0103029716242011
cg20766467	3	184097945	184097946	0.0780183964421896	0.0727104788653321	0.0524906731681107	0.0680276571361162	0.0794777234175444	0.0484680889435938	0.0647677476201229	0.0475700412633927	0.0843823661857816
cg15409468	5	31532110	31532111	0.0678967149030073	0.0551358948449389	0.0644890732798104	0.0554896499767928	0.0637018155946655	0.0752630826050447	0.0520844590305955	0.0494617526073465	0.0559083104715079
cg05767654	17	79536388	79536389	0.880085658030811	0.884364344290147	0.891387852349899	0.851339908216913	0.822032758292926	0.892442244350506	0.924004863042498	0.899371602157582	0.854089170612506
cg18846423	7	44887837	44887838	0.0682574532301062	0.0717732929825579	0.0950777129644179	0.0820174460252737	0.0885801809577759	0.0717852265530412	0.0890699894060514	0.0543574398626452	0.0637402629118911
cg12741529	3	112723536	112723537	0.922399974149842	0.934446382087724	0.941933728148987	0.910252482021335	0.937503878294338	0.947138155814855	0.934283937259629	0.967597546402444	0.24089285632562
cg01941219	13	98795020	98795021	0.0494946112508109	0.0495730543407816	0.0197575077972243	0.0580304220065963	0.0596517101838073	0.0569545625977292	0.0668742868138656	0.0329128814999084	0.10722476990844
cg10515315	14	101290716	101290717	0.561639810177371	0.483125438877278	0.517855148616995	0.481295647309266	0.524562080980722	0.527524165694203	0.506919841672077	0.533147399841376	0.506121649465221
cg22148663	5	176962327	176962328	0.95218050951221	0.951244615657382	0.988783911442611	0.971564062462584	0.947805117652901	0.986341164956427	0.928726090434415	0.936927964946301	0.960696519034623
cg09960171	8	73450575	73450576	0.0933782091106531	0.0998735218513436	0.152716084888266	0.0338222474422423	0.618160117815121	0.441600275734401	0.137067276025366	0.812268599081964	0.751209210778794
cg02459090	16	34741965	34741966	0.511058676449512	0.383944001793876	0.665904807268175	0.420486552426981	0.422594377794921	0.501413018047387	0.810884382432581	0.861633973264041	0.803793886160413
cg26024851	1	156542099	156542100	0.114550544900733	0.113840259865834	0.117626230277732	0.12699314346738	0.108860791164952	0.231349096261239	0.123626846859499	0.140313469553997	0.158162590736051
cg14807549	2	179315947	179315948	0.041609509451967	0.0504208163140505	0.0551518333796091	0.0332348131281256	0.0612525070944105	0.0490218949493738	0.0234410874195715	0.0287012020642637	0.0472930893068991
cg07951949	16	64985513	64985514	0.204755463495879	0	0.436475754146779	0.0245285396592192	0.271177700851872	0.0806305804027061	0.130192598566318	0.183899793144247	0.00617086409416728
cg17340519	1	224805851	224805852	0.686601022325641	0.205224632332432	0.184026588779684	0.154436347027004	0.15710297409865	0.185483064719177	0.502133759286751	0.113196955233522	0.220067255875292
cg17003221	11	67433132	67433133	0.0248541249040924	0.119519119678668	0.113170398170236	0.161234504527303	0.044898513328089	0.129951946109045	0.137045162026007	0.0420131269346721	0.132536740676064
cg25803632	7	43151827	43151828	0.0884615715173763	0.0230632647923484	0.0603148272343842	0.0874206128661547	0.0649312799188832	0.512960941503657	0.0882618180594998	0.413002685625975	0.532052528411828
cg09154062	1	22582788	22582789	0.0868424522181733	0.125623159997776	0.16404829882311	0.0705683863691469	0.39792553223264	0.243822170346942	0.177044671943318	0.385048337157666	0.0218697261534756
cg04254167	16	78640530	78640531	0.97201558534334	0.999024907098812	0.964958305783036	0.951242884137024	0.947882796420401	0.871573526887099	0.972658303288217	0.971022499586917	0.955199137231541
cg19693158	19	56596641	56596642	0.881514281525121	0.787927329728893	0.909685753499848	0.897642144959387	0.900856286038011	0.881910670959561	0.72281561478345	0.948788373975663	0.944104951693143
cg09227150	10	102475577	102475578	0.109613104547319	0.0594083014046655	0.0906929607202159	0.0463186104936831	0.161734513301701	0.382529512548324	0.0520370141862179	0.0404176236089166	0.092271279644734
cg04800681	22	18594234	18594235	0.555494657682581	0.119608622867458	0.309022959433859	0.215102757143477	0.303943169270658	0.368855207871168	0.490080931516987	0.565631092593744	0.362962629477786
cg05850869	12	133308363	133308364	0.952559142075701	0.963643996809799	0.948397820780447	0.957547192034373	0.936315853284004	0.959120832191976	0.95178339162299	0.952021764295821	0.939767464047761
cg14323293	9	98280075	98280076	0.578878974516438	0.384773581384569	0.253595212368324	0.586266418930782	0.302939932712851	1	0.774660766681515	0.0780747275961227	1
cg15139163	3	11408423	11408424	0.937060847200997	0.965456224277263	0.954522776419988	0.980131881930778	0.968229792270544	1	0.95333567780316	0.933939280998104	0.949416605669294
cg19853760	22	38071676	38071677	0.0478769233075261	0.0572598478747082	0.243930271790304	0.424206042347561	0.236644414212743	0.425207413585495	0.296109527128388	0.231876855184276	0.00629972894275473
cg04373760	16	53404717	53404718	0.432349191201713	0.243037200712346	0.479767968907556	0.383970109136765	0.095966112992147	0.227001507102736	0.226279924516751	0.50053964244466	0.279794924235683
cg13539171	17	73569315	73569316	0.681415296289469	0.662749383552001	0.331015747799368	0.38453487521816	0.413884993975811	0.637500228184861	0.494633522359637	0.442667138217348	0.346115689539989
cg00869941	3	187929591	187929592	0.58274160931285	0.878984972334253	0.819391761448461	0.489763677449556	0.187387215816396	0.791390860959016	0.894959931157921	0.887164534042078	0.208699653254658
cg22854448	2	65617202	65617203	0.00411093812162945	0.0249726197114507	0	0.0454357828871807	0.0086318411746297	0.0942307914372186	0.0684965095377896	0.11074214630515	0.0577310331019081
cg01323274	16	50058065	50058066	0.944286724517184	0.672035722388802	0.947523992741652	0.865926296436987	0.625630683315009	0.933707311496302	0.90732747853423	0.711313129667447	0.909911623408484
cg23111246	7	1949203	1949204	0.925042717629054	0.884117024270744	0.921043762588172	0.931826253797396	0.897686241095334	0.934073697715944	0.901090284546896	0.970513075521515	0.932388582116184
cg15047889	8	124780836	124780837	0.041856809969787	0.0586468031551572	0.0496465765585617	0.0275070145781443	0.0581430055794837	0.0588017630456087	0.042303788945034	0.0464012061761335	0.0318849902094542
cg14775286	3	137833493	137833494	0.00861618765905098	0	0.0235388786817589	0	0	0.0680496282256199	0.0757107516984838	0	0
cg23897067	9	140100304	140100305	0.054247488205301	0.062878450735078	0.0572634185152361	0.0356293711870228	0.0481155481142228	0.0433787973652902	0.0931430937202519	0.0305482681072579	0.0413263770826808
cg27599058	7	90226569	90226570	0.112541525960742	0.0555553743886944	0.0292503634541866	0.00764873188762135	0.0723053201790122	0.0644932679095313	0.0535353619332412	0.0340395679732671	0.0145453294870542
cg12785082	7	101662331	101662332	0.900245459484836	0.868643812834506	0.90485524698064	0.875416482927389	0.844465940851919	0.919153777848036	0.891465413995146	0.944407048121336	0.897856258429108
cg26113636	3	85008155	85008156	0.119118838116102	0.0526008466627742	0.0553528398522001	0.116886510842909	0.105386000709553	0.115770499570324	0.0463047968644005	0.0363577645413976	0.220307028139093
cg21006600	12	2342205	2342206	0.296489886916466	0.745657750589924	0.770268501809582	0.645619512372797	0.426544871634699	0.596179248438778	0.437313575525826	0.662361277112336	0.401925225760715
cg09959118	14	69310843	69310844	0.0379124481830477	0.0197149957315236	0.0529183343955676	0.0296914107652076	0.0587230421042668	0.0279144336657693	0.039961155545575	0.0426673735253841	0.0246454787834335
cg08051231	16	19422491	19422492	0.0790832687011431	0.0888257369568553	0.0762530570441198	0.0868770138628975	0.0702794249422911	0.0967182190536301	0.0884597347344223	0.0140574325264076	0.119725374858488
cg19708432	2	230350631	230350632	0.599579276501302	0.691040784545353	0.869345190283889	0.881295337539318	0.873099174635427	0.696589263599561	0.318706286680376	0.91069011245969	0.953317920006154
cg09504874	6	224712	224713	0.964626887875203	0.941342871032324	0.975325406595532	0.958068049757728	0.935113491965049	0.959608867619907	0.921347435398959	0.972393294535731	0.953871521592594
cg25885077	10	43701689	43701690	0.92448497382173	0.889306136836509	0.882314463291525	0.912747106462204	0.90853573052918	0.90443999127923	0.898353424827884	0.924413163470399	0.906350705482422
cg02132463	10	13258936	13258937	0.964774359322452	1	0.999123300162985	0.988749361197004	0.97230982586588	0.981495189390896	0.856997809098309	0.864472600291738	0.980928506075299
cg22488081	4	125336413	125336414	0.852888267319176	0.92019989791668	0.815318578506901	0.524607234305332	0.258649991564589	0.889072857275773	0.910204879922878	0.63479299412483	0.260726539837286
cg27515052	8	8513103	8513104	1	0.987919567729518	0.964254803672926	1	0.969077764795749	1	0.954387300786624	1	1
cg02635260	1	222988116	222988117	0	0.0793974258626947	0.0823469515961479	0	0.00293330892791325	0	0.145134671129694	0.0384425414864048	0.030270695459958
cg10858945	10	116528317	116528318	0.885188830600584	0.33228172164427	0.279313182183149	0.608589077082219	0.463452426887386	0.415951323315423	0.234447326738245	0.884307310293278	0.233071190695652
cg11100126	15	32404302	32404303	0.86398884729395	0.842381743581903	0.821246388603653	0.732757440985919	0.469494614105695	0.856318406112293	0.834699066266728	0.899497459248275	0.819940801195078
cg23028693	13	49822055	49822056	0.0696727585952165	0.0509893404287114	0.0573743528320214	0.0643043600406609	0.0654789417681762	0.0494773869853935	0.0724583199910842	0.029824240791023	0.0601570313671037
cg10453337	5	7502013	7502014	0.924476644760778	0.921190058635986	0.576180275710161	0.739683168326931	0.598123217779289	0.895583393774259	0.911426671777558	0.947807369595113	0.867939035950053
cg01076971	8	97657802	97657803	0.0602849945250328	0.0425627589933406	0.0619218943160435	0.067998703850315	0.0508471624626136	0.0422194595308903	0.0429666934370541	0.031516669910246	0.0201473312119342
cg13800491	13	29051691	29051692	0.690270098565856	0.947957722304896	0.960846578355477	0.947251142380874	0.919765480859768	0.923084155264806	0.934002208852791	0.971723964431448	0.929559176604833
cg02997119	10	17685616	17685617	0.0478933496284032	0.0405510174482086	0.0634719264344264	0.0405048341556396	0.0491718922738123	0.0345732993527112	0.0390038902270138	0.0224177238137508	0.0512994561269886
cg07305506	3	152058520	152058521	0.720274345954228	0.895710911678266	0.974114468142042	0.945690142928643	0.929611385612917	0.907598788147485	0.954480047868028	0.954712443679773	0.9542242999718
cg17848828	15	83875648	83875649	0.196240392459822	0.536100737131192	0.268855764864486	0.581514569933954	0.240996672669314	0.407607842225722	0.186571507414184	0.206453601788776	0.231045497623486
cg23924887	1	154298955	154298956	0.0565838306441756	0.0617844737904851	0.0904334757613504	0.0554687835532336	0.0726600679029233	0.0648121354748433	0.0721444151959908	0.0887660134636674	0.0442665165372434
cg19923532	1	39982449	39982450	0.931956982731981	0.924707138302397	0.916276909943353	0.939445154115969	0.912445448435729	0.944965735550245	0.922893345091066	0.947708884417783	0.947805317859152
cg23927983	2	179315955	179315956	0.0640879073274002	0.0598770645325866	0.0503742310589207	0.0649824052670332	0.0797260832637547	0.0342841958293986	0.0720419919400062	0.0124675161370647	0.0463523379415612
cg00007300	14	24521433	24521434	0.024477454887664	0.009710040151401	0.0194495849491639	0.0022905374333559	0.0271245859457105	0.0317772960902731	0.0268858108942583	0.011098819331549	0.0422378652632406
cg16967722	7	142427934	142427935	0.795020545610156	0.645080091289647	0.73415278363319	0.792421521275987	0.779980709615761	0.825582138474891	0.612010511996494	0.925050841633146	0.854613260601839
cg22809726	17	48262066	48262067	0.0212850442820427	0.0138790458204228	0.0394723325607284	0.0425056212400963	0.0219016114599754	0.0791409420728353	0.0780520607166046	0.0270837278375644	0.0422712257034504
cg18355533	19	3961678	3961679	0.819854613127035	0.308534638302192	0.805421678553406	0.600026118988629	0.529943327908777	0.698965201608842	0.63454447238883	0.554027291805875	0.218681782972914
cg15086142	20	48522715	48522716	0.894097761739419	0.917778788266022	0.944057741193971	0.925745719095428	0.597228626321893	0.938343966275683	0.89747137635414	0.218109120844212	0.940875630658213
cg17180705	1	210857110	210857111	0.835704135424636	0.897523363594307	0.889018081567564	0.765666427507725	0.849589167708119	0.894370684394661	0.926795194645682	0.928870100922186	0.788517913916102
cg09809618	14	105617079	105617080	0.873292169611397	0.77394552186365	0.45293330280281	0.383498401387066	0.846571182385636	0.836931849611454	0.85944437610024	0.836077928279706	0.786542375461666
cg23551455	17	80977009	80977010	0.899822068709131	0.876758137060963	0.916515015782073	0.869939789529964	0.883907278421058	0.890579572158272	0.879832914818734	0.577900593157835	0.907410574778807
cg03131724	11	58731432	58731433	0.971427543821906	0.983412431150682	0.633782002829432	0.965185932079007	0.955470062260304	0.980735288973259	0.947716173478147	0.95501457814027	0.548637848610228
cg13260856	6	34231488	34231489	0.964928815239349	0.914534563826689	0.980804012741371	0.968219381530561	0.952464122107362	0.970904007252028	0.95292809912212	0.97868737936869	0.938288019168998
cg08994789	17	28903641	28903642	0.963133070587193	0.955858270823232	0.94160470114049	0.956417628449211	0.950795471941541	0.975672022315767	0.959549424000731	0.980391139054052	0.963460094698622
cg09091823	20	33098803	33098804	0.943526050518701	0.949468255001106	0.937964489157653	0.974458298448639	0.941300201501254	0.965620102409973	0.966604944145475	0.969299291610681	0.961509790474243
cg12179288	5	14779010	14779011	0.0719713471731849	0.313308623812971	0.131710968096174	0.557773730954826	0.318641540591435	0.506982088394841	0.661384624718042	0.58190593477339	0.295869183932754
cg17054386	2	219855053	219855054	0.370289000401149	0.863465725681645	0.50276339567569	0.928191714504613	0.883427752681581	0.621741385719068	0.508817146557428	0.648226632631275	0.527876969974603
cg13516479	6	122016628	122016629	0.392367602603708	0.571352998206289	0.780932288776861	0	0.16097226008903	0.778951752359572	0.729477778843716	0.861940180083115	0.484828755915297
cg04542976	5	148737398	148737399	0.0353196095814694	0.0226369228686397	0.0360126333422385	0.0263407036961759	0.0385696271523194	0.0302818232411713	0.0358868041992615	0.00570105123436317	0.0310137885584163
cg18507053	22	45316337	45316338	0.0970752887511148	0.421485493278031	0.649750849814203	0.265676886464722	0.0550313671435321	0.183375313858694	0.777614392071138	0.401296546040723	0.347718123694565
cg14794350	2	236721418	236721419	0.925386394213867	0.511887718309204	0.871488153908592	0.901904059304816	0.900304553519206	0.924663139007234	0.934875756735905	0.939470273578537	0.627483915180618
cg03864281	5	151785325	151785326	0.747866205337712	0.900090104313537	0.910238392832458	0.974361886009664	0.419501463576628	0.88975557766377	0.673198824475392	0.951328172344344	0.867977001211132
cg03172931	19	8677773	8677774	0.875913323256172	0.852634391342451	0.833799819125439	0.196460978148306	0.517872700888357	0.87578241001397	0.708286759726036	0.537301846354796	0.868940251379993
cg10328377	1	211380781	211380782	0.919314810708362	0.905513173337264	0.908006727452728	0.900053475994915	0.896526959543666	0.915332252611341	0.917112852189872	0.948782911116502	0.936678237252989
cg17384380	10	102419208	102419209	0.422468017466234	0.218340067245585	0.335736283316383	0.468775437968229	0.312965412579168	0.400358542414266	0.167613487755823	0.330943815481021	0.672359757582363
cg23688118	1	149175126	149175127	0.892799964169367	0.96756681630037	0.953552179383194	0.952808456859443	0.92678026849862	0.959960652345819	0.935184099265768	0.960016217517875	0.9518368176255
cg02975102	1	2723047	2723048	0.68047894883967	0.0804400370015004	0.77846324493647	0.397693214757555	0.139946336088243	0.399860032028426	0.819216165915843	0.443086367290079	0.0321869840287695
cg23136008	14	71275919	71275920	0.0234544077400709	0.00732744135599329	0.0784025033628381	0.0201283156465889	0.0432021369848174	0.0432450681711879	0.0144348264996241	0.0412991326014587	0.0264968517402847
cg27069921	5	54523726	54523727	0.076641820691084	0	0.068623228410351	0.0151384862393792	0.0524367621834715	0.0560242500992162	0.0919572227327316	0.0215969493006433	0.0853715321246179
cg00094006	1	47976006	47976007	0.951963141547082	0.971511503092057	0.954199720812328	0.955332349956513	0.683118923413124	0.972300492706713	0.942823973562591	0.971767799893497	0.618078518818198
cg13605579	2	233242329	233242330	0.913127843853711	0.895758276003366	0.909669542739094	0.917195688727069	0.540599263106112	0.929042976750966	0.903014826978384	0.951400162058508	0.906859251135262
cg22179564	5	74199421	74199422	0.0103005328207612	0.868556695954637	0	0.668458605467284	0.551873253500601	0.76245807983903	0.448591587602691	0.708688155572364	0
cg17286790	17	80096512	80096513	0.911062238118259	0.885669595511018	0.825650578783229	0.870208313667182	0.88344585773704	0.968049389933236	0.772110258577528	1	0.88558633528711
cg01553613	14	77734686	77734687	0.936955900211217	0.877225234993223	0.949255801995397	0.894077196033173	0.903366911720475	0.930557536446756	0.866581863424663	0.946414859586341	0.899903242172262
cg26086899	5	140700675	140700676	0.0808170503708492	0.0197419835807279	0.243198354764009	0.0249982321028808	0.0387226042928596	0.0111935122536507	0.031680176077382	0.000439418839105007	0.103539873869785
cg16640027	2	162480962	162480963	0.105357469026342	0.0101629428722306	0.0927910040383723	0.106158285998786	0.943645719776802	0.581747368472126	0.16713134013181	0.0518444401861777	0.11787458926227
cg01185571	6	107077739	107077740	0.0540975093321579	0.0380939548657421	0.0414468132780246	0.0202909561003546	0.0370403492325736	0.0457068756230147	0.0370450158766666	0.0181085415077824	0.0356029699480017
cg03363979	13	45152409	45152410	0.0430634764618915	0.0423827694983596	0.0497346873870297	0.0269089308240732	0.0468020460918066	0.0569021374102315	0.02947001392897	0.0192280848686526	0.0663820273772719
cg07962309	12	42628088	42628089	0.68005695741331	0.603250139050778	0.994011206270628	0.989924847161692	0.943348509090273	0.98500626237535	0.706395640827903	0.991267565732073	0.626910135351082
cg01861537	11	121507723	121507724	0.920171506421132	0.959784237596886	1	0.892496351348673	0.929044064036028	0.983494243172169	0.802889205572997	1	0.834820459921669
cg09085201	7	49708531	49708532	0	0.193252215197932	0.386853552454753	0	0.0444081597847316	0.229112410778174	0.259593070097691	0.025609863635125	0.0992584458444703
cg03834467	2	217424607	217424608	0.617271127996366	0.58046545824577	0.721367096400232	0.284973994483894	0.000415101168120889	0.898639253515772	0.590714127551598	0.0377117487159111	0.505757250590531
cg13963210	9	100510200	100510201	0.908084199902623	0.931454429731334	0.693048449623163	0.75556223023281	0.5425001266708	0.564029432551478	0.633173626006928	0.906240856674015	0.432395061120741
cg18221983	6	16198547	16198548	0.946437342169256	0.605340337190221	0.941983184066978	0.561032648116602	0.948843310946589	0.938399737290345	0.930736850036695	1	0.948151390119063
cg21803245	14	105331123	105331124	0.0520898235413958	0.103700028983196	0.089890256467212	0.0537046813906039	0.0974024601018653	0.241797904178434	0.0686513308625475	0.135451756987467	0.178677762088005
cg15301489	8	11058769	11058770	0.0441883282148073	0.0337386631581613	0.0554418467097721	0.0509867705993366	0.0565649640659658	0.535925877160947	0.0506297965621061	0.0115760743561764	0.0411040109740803
cg13775054	21	47648554	47648555	0.0408333948272366	0.0154597863350615	0.0186702581947776	0.0425657418377069	0.022929344592556	0.0257517752537606	0.0279982234835845	0.0086771409525198	0.0456270383470264
cg07679230	19	3586904	3586905	0.935867462729263	0.877530807638278	0.916647494243185	0.911288012772705	0.894243305443871	0.893227241321223	0.88217780086248	0.946220462504767	0.904609684222405
cg02400773	17	13502303	13502304	0.928022131408726	0.874726395006676	0.872157555935736	0.539783689572949	0.595685183436336	0.676137831113626	0.924250364955613	0.668094041053633	0.872658179408258
cg05370662	1	44172377	44172378	0.00413539296069139	0	0	0.00624162689273974	0.00977531123724585	0	0.0362158519758632	0	0
cg13850887	2	241993302	241993303	0.937267640021405	0.947570297648478	0.944851461165682	0.935777072208019	0.92994870079476	0.95558281138827	0.961075121170224	0.973324522720521	0.960182703347213
cg11203215	12	53693334	53693335	0.0509557377241064	0	0.0572495693044192	0	0.0184096761607486	0	0.0391614825024142	0	0.00235663857168405
cg27472102	12	77459940	77459941	0.0427489829004912	0.032927691604189	0.0507253858859033	0.0410690352039127	0.0513965452950333	0.0285934489953827	0.0505528386062403	0.0153073400670809	0.0442298384512814
cg01530687	16	85646972	85646973	0.0660951902824998	0.0589181330690412	0.0757123298046637	0.0475326496417096	0.0821592640560083	0.0358927935711371	0.0668744401707706	0.0316199651896078	0.0319923009565568
cg08965374	5	124370087	124370088	0.954075294153327	0.913166351933687	1	0.980660796174676	0.938578443337048	0.951459941391057	0.952599246988368	0.959586900223993	0.965446754706731
cg03432948	13	53712981	53712982	0.955994365835341	0.936510071027586	0.952042131039707	0.965251966017138	0.937311578158411	0.9395099062015	0.931387139350759	0.961245219864548	0.947141503558866
cg23287906	19	40697255	40697256	0.0279851957601437	0.0166837772846624	0.0369180689717838	0.0204340348765582	0.0519852460188864	0.0142473183929686	0.0245119152032803	0.0198360451775838	0.0219042072986365
cg17233517	17	45285327	45285328	0.524722717491687	0.222615184633486	0.243162753775427	0.0978869453333964	0.136013309581398	0.562637614206572	0.521976226102238	0.570160219858117	0.386304930376384
cg25037043	10	26881859	26881860	0.875570326315336	0.925549270749617	0.896328430613421	0.901520180242136	0.793975638372693	0.902107810597253	0.906803901274293	0.951105403345119	0.897653096586805
cg22341513	18	54785288	54785289	0.0236439430924076	0.0022202883100377	0.394963404546253	0.281429048432286	0.38544283040435	0.0332596371320269	0.0436886918738216	0.627464534676994	0
cg09154213	1	25756854	25756855	0.0315674106524765	0.0216086294839362	0.033302670519811	0.030159206118735	0.0467116696723127	0.0270205227784816	0.0205122927505212	0.0296348643724591	0.0217954431164645
cg07419191	12	48153085	48153086	0.0515323656650344	0.0465942631021652	0.060814373341303	0.054164540836892	0.0555383838625757	0.0541697144354708	0.0558566364664061	0.0359180506677867	0.0483733748893347
cg04304064	14	75424717	75424718	0.966805549797309	0.951770521366601	0.948130457498126	0.95492041043229	0.943967836116936	0.961696306858325	0.949003941214077	0.961776623298833	0.964927251009862
cg24940583	1	36020938	36020939	0.186373503732448	0.887601669779409	0.860471391963063	0.787166523872957	0.462855568146915	0.403350890306335	0.874488307348655	0.889294442620575	0.869561874612018
cg21904719	8	24956512	24956513	0.899763726640153	0.610916466789453	0.893807179256767	0.837574241987396	0.856108564409893	0.879020376954438	0.894717206713288	0.572375311734255	0.920000406950378
cg12751733	1	38157744	38157745	0.0217606661454607	0.0171944930252557	0.00990097462533042	0.0178157751564893	0.0450367338058425	0.022852830756424	0.0186337917288448	0.0245455201861039	0.0206026171543556
cg04395462	1	94006865	94006866	0.947724367794974	0.723947317010387	0.971023643096493	0.93556809176815	0.934719721459373	0.950817442008738	0.960161081394976	0.94086213239345	0.955871418824716
cg27079740	4	176733876	176733877	0.705720327636676	0.481897127526975	0.24319022219266	0.681234278934925	0.794398383746593	0.98453779637226	0.219663893036337	0.117686619309823	0.721575736772614
cg04354393	17	33775962	33775963	0.0161750744361541	0.0213980671912504	0.0844751488046118	0.064339246998368	0.110394173853365	0.104089208761934	0.115911687292497	0.0171098270034983	0.067535343281899
cg13552431	13	114914664	114914665	0.802729663742878	0.604705545495736	0.863111683584211	0.752405717226412	0.653409801198966	0.782600403435989	0.848193799728273	0.832406803747836	0.855346455315192
cg13428217	9	19932579	19932580	0.926274893587664	0.964227558528333	0.938345570496528	0.881336342596983	0.893425862716969	0.948642934553651	0.918760793770618	0.74226948367417	0.674646415546813
cg19723997	15	97131046	97131047	0.929100346115528	0.88509350950768	0.894918877595361	0.618135454860512	0.859376856395391	0.963460160862613	0.916547952204664	0.960623251544526	0.464645720686868
cg19215678	12	124821187	124821188	0.963516200308645	0.981290229747336	0.960215393458338	0.963894365237944	0.934848037621077	0.971373033681305	0.977921919097444	0.975366883643668	0.968296128161952
cg06541938	8	143437590	143437591	0.810163042997921	0.679881491835261	0.762746966545416	0.819790715361503	0.764021023745244	0.808627926031349	0.735668602202717	0.782552201519224	0.794165175431895
cg27025856	3	13521022	13521023	0.141464929784413	0.115663210940986	0.188800148586162	0.150592799365187	0.228019041454736	0.151206191320778	0.164067914640402	0.0926357812249553	0.206165204255159
cg05216536	6	31505495	31505496	0.0583287429454109	0.893908622929398	0.948229489290818	0.928504182663838	0.883612556524728	0.940532877004709	0.950665872185826	0.894927548810398	0.878294196240792
cg21227610	7	87936077	87936078	0.0473500821915603	0.0390839553210728	0.0485565709980271	0.0487187889823992	0.0281027783434242	0.054971641625487	0.0360108402141307	0.038761224565844	0.0336906135244798
cg10678718	3	100559883	100559884	0.95070752270722	0.817100723545431	0.874646848642505	0.942354715481053	0.451526820596877	0.800999571715408	0.899697974261809	0.965393178750006	0.856148205253999
cg25384595	19	55105155	55105156	0.0810268409408735	0.0598213407639607	0.0685110687615816	0.061491535292626	0.071266060373404	0.0844957298710674	0.0684843969069476	0.0286113428251332	0.0825564190337105
cg03549244	3	9439758	9439759	0.0616698064864155	0.0522677830638348	0.0532667406465245	0.0570004539765714	0.0781668336849011	0.0436144783196559	0.0667557419437457	0.0089158832012517	0.0523442216050501
cg27421291	6	133873331	133873332	0.91885879223985	0.954316433931196	0.946029972037796	0.899735710213269	0.920078556578	0.934751512137298	0.929979986532428	0.954278237603863	0.900698388087492
cg06888415	1	150336128	150336129	0.0225108134470066	0.022300494717536	0.0473940417644788	0.0356127219244177	0.0558962885469163	0.0421102517335538	0.0437246362988497	0.0182670593559854	0.0253751262779602
cg24984818	19	7600101	7600102	0.0338085309802438	0.0320882210405004	0.0310873758671438	0.0332022682024037	0.0399418750417945	0.0234530132087111	0.0320554193728379	0.00854376655168391	0.0233712578937083
cg13565994	7	142635548	142635549	0.864509018845012	0.909948584905382	0.918284491973978	0.834180705369233	0.892241595505056	0.869348918301649	0.920888673896734	0.908464252088311	0.5484540298417
cg04720592	1	118165723	118165724	0.812506562319665	0.962551278705304	0.838926848201224	0.587968992187086	0.69469011215637	0.820486270810754	0.917976240896717	0.438113033221638	0.756992934436149
cg25562534	11	1670214	1670215	0.913492261138838	0.983844448783016	0.959810833798363	0.962535575850222	0.952091024816268	0.96867987464566	0.961896345321268	0.963399177242955	0.953692800785659
cg17034079	3	16652469	16652470	0.950311275658069	0.979755937014898	0.884820642279044	0.87261897233663	0.951425728160484	0.894876404098416	0.877357089083575	0.874373379177739	0.899941643416956
cg17171539	1	59398689	59398690	0.0144628682006396	0.0637655206918596	0.108093529719438	0.34830258024199	0	0.412480750676618	0.793592837562871	0	0
cg11666982	5	1293870	1293871	0.924478652803555	0.905359306615894	0.923689026822597	0.929053656298757	0.933598944016094	0.950961673109652	0.928208195157119	0.943938430966334	0.955422094244579
cg22833809	17	76129983	76129984	0.0711263680747595	0.0879428221479133	0.114634100463845	0.085695758675368	0.151577832987112	0.185288013464712	0.0777991254329557	0.115395405381011	0.1092012442262
cg18883033	4	3742180	3742181	0.59591579420908	0.851224082939334	0.389833353299993	0.155931765631046	0.561968806261375	0.536547554296806	0.447311608383306	0.644136681656789	0.892558671496284
cg26126749	2	239970074	239970075	0.890903349806428	0.812027306083439	0.903019262945682	0.920658611674757	0.901443468203764	0.926920632635198	0.924063546227768	0.904741824103789	0.976719669080339
cg00724403	2	38009030	38009031	0.955454786586781	0.894432766813602	0.896434978670627	0.985073072343038	0.990504601417551	0.939722965907237	0.964373966350592	1	1
cg07086947	14	105849951	105849952	0.971767743782233	0.984062857073788	0.867938390741153	0.872133120362259	0.889091089957375	0.954653457210133	0.836456314841709	0.877827039516202	0.970933531956129
cg22471112	4	154125452	154125453	0.452194277559087	0.929988380897078	0.842232790421052	0.556494865378755	0.387320741150786	0.926853972578878	0.483215821064144	0.612003339243278	0.867446105744895
cg25647823	17	719410	719411	0.217044585782441	0.819764918614082	0.838430624232136	0.124866787151201	0.679843290087835	0.706263882481264	0.808797948337499	0.886659133932623	0.828317929183847
cg11380072	3	81540526	81540527	0.73131825762803	0.786160327886322	0.893474582436157	0.591895143924153	0.62775071388627	0.862962214049477	0.776236151430942	0.962659284356669	0.524294292437362
cg17927223	19	3750812	3750813	0.931049357562109	0.903753488753106	0.91500950677838	0.950325768072742	0.927875082388456	0.931511670921517	0.927177610818594	0.959198842957036	0.914702887984752
cg13978175	7	2648221	2648222	0.867169393336937	0.762124957168285	0.723064193862444	0.833728504657076	0.645716312794855	0.868159324669329	0.766867664347425	0.86827889425987	0.927140322268143
cg02512902	17	25799446	25799447	0	0	0.103997534402361	0	0.00781200286367727	0.0519166387992429	0.0361036265018059	0	0.51801500700901
cg01350993	3	19850541	19850542	0.904509722399397	0.923829583850669	0.602776925312315	0.783774045934321	0.891977117412566	0.805034245130183	0.623989136678825	0.928866876688192	0.54773203884437
cg27165888	1	156182955	156182956	0.0423390127111143	0.0513673623037485	0.0696181837420816	0.0433375131395132	0.0635425020386422	0.0440849469265738	0.0526755678586043	0.0256977529733954	0.0448047120016452
cg09409356	1	163468473	163468474	0.726737760255006	0.622691894701838	0.684983513875376	0.692622004948386	0.650212483981256	0.700140666005904	0.636334787291772	0.72627753466502	0.776626161971864
cg02773192	3	8893477	8893478	0.924313664460161	0.922140816033368	0.807403958097167	0.927676091962772	0.906611424357966	0.93780173030507	0.931978405315735	0.980260099451915	0.922016907267612
cg10565589	9	14314065	14314066	0.474602327071876	0.620105059070451	0.509196491255632	0.580723280566975	0.481340098753376	0.565787033893282	0.492615383354852	0.464307178623652	0.891144347367519
cg25355987	15	74753619	74753620	0.0314066619453253	0.0213944574619882	0.0197722377847707	0.0160393322109551	0.0330579574640926	0.0287567640417474	0.0336132872059289	0.0225996391457139	0.0291638247529993
cg26858890	19	4785604	4785605	0.930901357474241	0.942021505117254	0.805920158283454	0.362375769298196	0.928829103351967	0.406436845882468	0.451469926367591	0.416677096166082	0.400891725013693
cg02756214	7	99686352	99686353	0.0478063381003826	0.0546344779383866	0.0361968355620649	0.050321250209946	0.0661253509694281	0.0424145768793493	0.0657339250600612	0.0292058333887048	0.040187630218395
cg14703589	22	31644557	31644558	0.887703268709273	0.818105528194901	0.828232939042167	0.868615342298744	0.835145202888652	0.876458047866391	0.819678476580812	0.895592409528497	0.887301564084907
cg26282025	6	33180366	33180367	0.879233021383723	0.861228214422791	0.867697206045373	0.824867864611944	0.87370038572274	0.772832128774009	0.411451209688952	0.829588700018601	0.84119212955223
cg09841666	20	58478712	58478713	0.564080701642939	0.965719850439252	0.931174129221958	0.923226485717666	0.951779767106743	0.938598365524301	0.568875497977386	0.980002599390511	0.910650382329237
cg21057323	14	103412979	103412980	0.0204570809312329	0	0.0753570582396633	0.0181358816260091	0.0611221227997548	0	0.0222146940904797	0.0285877223793621	0.00270844406003182
cg24309076	3	49852548	49852549	0.630120921967381	0.896736056676032	0.943803957874492	0.685250900164494	0.925105308819107	0.879754227774592	0.890369283342673	0.927679198421016	0.954000736956628
