ID	chromosome_name	start_pos	end_pos	10824_S10	2707_S8	2980R_S9	3850R_S4	4229_S5	5452_S1	6242_S6	6296R_S7	7150_S6	7341R_S2	9577_S7
chr5,1633942:G:A	5	1633942	1633943	0.5	0.5	0	0	0	1	0.5	0	0.5	0	0.5
chr16,74361491:T:C	16	74361491	74361492	0	0	0.5	1	0	0	0	0.5	0	0	0
chr3,37406252:A:T	3	37406252	37406253	0	0	0	0	0	0	0	0	0	0	0.5
chr17,72774128:T:C	17	72774128	72774129	0	0	0	0	0	0	0	0	0	1	0
chr4,751706:T:C	4	751706	751707	0	0	0.5	0	0	0	0	0	0.5	0	0
chr1,153835365:T:C	1	153835365	153835366	0	0	0	1	0	0	0	0	0.5	0	0
chr10,120856070:T:C	10	120856070	120856071	0	0	0	1	0	0	0	0	0	0	0
chr12,11237044:T:C	12	11237044	11237045	0	1	0.5	0	1	0	0.5	0.5	0	0	0
chr1,100675833:T:C	1	100675833	100675834	0	0	0	0	0	0	0	0	0	1	0
chr21,30451201:TA:T	21	30451201	30451202	0	0	0	0.5	0	0	0	0	0	0	0
chr1,52531709:CA:C	1	52531709	52531710	0	1	0	0	0	0	0	0	0	0	0
chr17,71227551:C:G	17	71227551	71227552	0	0	0	1	0	0	0	0	0.5	1	0
chr6,32728793:C:T	6	32728793	32728794	1	1	0	1	1	1	1	0	1	0	1
chr19,46401998:C:T	19	46401998	46401999	0	0	0	0	0	0	0	0.5	0	0	0
chr2,128635731:A:G	2	128635731	128635732	0	0	0	0	0	0	0	1	0	0	0
chr11,95798579:G:GCACACACA	11	95798579	95798580	0	0	0.5	0	0	0	0	0	0	0	0
chr17,81041938:A:G	17	81041938	81041939	0	0	0	0	0	0	0.5	0.5	0	0	0
chr7,64902271:C:T	7	64902271	64902272	0	0	1	0	0	0	0	0	0	0	0
chr14,107048885:C:T,CT	14	107048885	107048886	0	0	0	0.5	0	0	0	0	0	0	0
chr5,118616267:G:A	5	118616267	118616268	0	0	0	0	0	0	0	0	1	0	0
chr2,232624012:T:C	2	232624012	232624013	0.5	0	0	0	0	0	0	0	0	0	0
chr5,131728712:G:T	5	131728712	131728713	0	0	0	1	0	0	0	0	0	0	0
chr7,75671033:C:A	7	75671033	75671034	1	0	0	0	0	0	0	0.5	0	0	0.5
chr2,85651563:A:AT	2	85651563	85651564	0	0	0	1	0	0	0	0	0	0	0
chr7,157176414:T:C	7	157176414	157176415	0.5	0	0	0.5	0	0	0	0.5	0.5	0.5	0
chr20,3853067:A:G	20	3853067	3853068	0	0.5	0.5	0.5	0	0	0	0.5	0.5	0.5	0.5
chr13,73834880:C:T	13	73834880	73834881	0	1	0	1	1	1	0	1	0	0	0
chr17,8047793:C:T	17	8047793	8047794	0	0	0	0	0	0.5	0	0	0	0	0
chr14,64485019:A:G	14	64485019	64485020	0	0	0	0	0	0	0.5	0	1	0	0
chr9,79120817:A:T	9	79120817	79120818	0	0	0	0	0	0	0	0.5	0	0	0
chr4,81308004:TA:T	4	81308004	81308005	0	0	0	0	0	1	0	0	0	0	0
chr19,1590114:T:C	19	1590114	1590115	0.5	0	0	0.5	1	1	0.5	0.5	0	0.5	0.5
chr17,61790222:A:G	17	61790222	61790223	0	0.5	0	0	0	0	0	0	0	0	0
chr7,76221653:A:G	7	76221653	76221654	0	0	0	1	0	0	0	0	0	0	0
chr22,47560177:C:G	22	47560177	47560178	0.5	0	0.5	0	0	0	0	0	1	1	0.5
chr1,175939229:A:AT	1	175939229	175939230	0	0	0	0	0	0	0	0	0	0.5	0.5
chr15,102225416:A:G	15	102225416	102225417	0	0	1	0.5	0	0	1	0	0	1	0
chr4,49221508:C:A	4	49221508	49221509	0	0	0	0	0	0	0	0	1	0	0
chr1,176149668:C:T	1	176149668	176149669	0	0	0	0	0	0	0.5	0	0	0	0
chr19,16323721:T:C	19	16323721	16323722	1	0	1	0	0	0	1	0	0	0.5	1
chr11,116937481:T:C	11	116937481	116937482	0.5	0	0	0	0	0	0	0	0	0	0
chr1,19763396:C:A	1	19763396	19763397	0	0	1	0	0	0	0	0	0	0.5	0
chr11,123241300:A:G	11	123241300	123241301	0	0	0	0	0	0	0	0	1	0	0
chr1,201931896:G:A	1	201931896	201931897	1	1	1	0.5	1	0	1	1	0.5	1	1
chrX,118755592:T:C	X	118755592	118755593	0	0	0.5	0	0	0	0	0.5	0	0	0
chr14,107282836:T:A	14	107282836	107282837	0	0	0	0	0	0	0	0.5	0	0	0
chr2,153001695:T:C	2	153001695	153001696	0	0	0	0	0	0	0.5	0	0	0	0
chr17,33873501:C:T	17	33873501	33873502	0	1	0	0	0	0	0	0	0	0	0
chr18,59733251:CT:C	18	59733251	59733252	0	0	0	0	0	0	0.5	0	0	0	0
chr16,23538293:T:TA	16	23538293	23538294	0.5	0	0	0	0	0	0	0	1	0	0
chr16,12636600:A:C	16	12636600	12636601	0	0	0	0	0	0	0	0	0	0	0.5
chr10,90689382:G:A	10	90689382	90689383	0	0	0	0.5	0	0	0	0	0	0.5	0
chr5,87572002:GA:G	5	87572002	87572003	0	0.5	0	0	0	0	0	0	0	0	0
chr12,47597787:G:GT	12	47597787	47597788	0	0	0.5	0	0	0	0	0	0	0	0
chr11,47702291:T:C	11	47702291	47702292	0	0	0	0	0	0	0	1	0	0	0
chr3,40274193:T:G	3	40274193	40274194	0	0	1	0	0	0	0	0	0	0	0
chr16,17559418:G:C	16	17559418	17559419	1	0	0	1	0	0	0	0	0	0	0
chr4,33719030:T:C	4	33719030	33719031	0	0	0	0	0	0	0	1	0	0	0
chr2,65328228:T:C	2	65328228	65328229	0	0	0	0	0	0	0.5	0	0	0	0
chr8,144655631:C:T	8	144655631	144655632	0	0	0	0	0	0	0	0	0	0.5	0
chr8,6534986:TAA:T	8	6534986	6534987	0	0	1	0	0	0	0	0	0	1	0
chr5,40777208:A:G	5	40777208	40777209	0	0	0	0	0.5	0	0	0	0	0	0
chr1,85449128:T:C	1	85449128	85449129	0	0	0	0	0	0	0	1	0	0	0
chr5,109135184:A:G	5	109135184	109135185	0	0	0	0	0	0	0	0	0.5	0.5	0
chr3,31739261:C:CT	3	31739261	31739262	0	0	0	0	0	0	0.5	0	0	0.5	0
chrX,56669213:A:G	X	56669213	56669214	0	0	0	0	0	0	0	0	0	1	0
chr12,107453158:T:C	12	107453158	107453159	0	0	0	0	0	0	0	0	0.5	0	0
chr1,32581214:C:T	1	32581214	32581215	0.5	0	0	0	0	0	0	0	0	0	0
chr8,17923423:A:*,G	8	17923423	17923424	0	0	0	0	0	0	0	0	0	0.5	0
chr8,48477135:A:G	8	48477135	48477136	0	0	0	0	0	0	1	0	0	0	0
chr9,131070568:T:C	9	131070568	131070569	0	0	0	0.5	0	0	0	0	0	0	0
chr22,21855475:T:C	22	21855475	21855476	0	0	0	1	0	0	0	0	0	0	0
chr22,50657112:C:T	22	50657112	50657113	0	0	0	0	0	0	0	0	0	0	0.5
chr1,19198576:A:G	1	19198576	19198577	1	1	0	1	0.5	1	0	1	0	0.5	0
chr9,123537504:T:C	9	123537504	123537505	0	0	0	0.5	0	0	0	0	0	0	0
chr12,80196916:T:C	12	80196916	80196917	0	0	0	0	0	0	0	0.5	0	0	0
chr19,1127720:G:A	19	1127720	1127721	0.5	0.5	0.5	0.5	0	0	0	1	0.5	0.5	0.5
chr10,100851:T:C	10	100851	100852	0	0	0	0	0	0	0	0	0	0	1
chr14,68139268:T:C	14	68139268	68139269	0	0	0	0	1	0	0	0	0	0	0
chr7,26161614:A:G	7	26161614	26161615	0	0	0	0.5	0	0	0	0	0	0	0
chr2,201774342:T:C	2	201774342	201774343	0	0	0.5	0	0	0	0	0	0	0	0
chr16,88115945:A:AAAAT	16	88115945	88115946	0	0	0.5	0	0	0	0	0	0	0	1
chr7,76237469:A:G	7	76237469	76237470	0	0	0	0.5	0	0	0	0	0	0	0
chr22,39449210:A:G	22	39449210	39449211	0.5	0	0.5	0.5	0.5	0	0	0.5	0	0	0.5
chr1,65726966:C:A	1	65726966	65726967	0	1	0	0	0	0	0	0	0	0	0
chr14,75575217:CGTGTGTGTGTGTGTGT:C	14	75575217	75575218	1	1	0	0	0	0	0	0	0	0	0
chrX,117879584:T:C	X	117879584	117879585	0	0	0	0	0	0	0.5	0	0	0	0
chr3,88997840:T:C	3	88997840	88997841	0	1	1	1	1	0	0	0	0	0	1
chr16,1862011:G:C	16	1862011	1862012	0	0	0	1	0	0	0.5	0	1	1	0
chr16,85734014:C:T,A	16	85734014	85734015	0	0	0	0	0	0	0	0.5	0	0	0
chr11,20387774:A:G	11	20387774	20387775	0	0	0	0.5	0	0	0	0	0	0	0
chr12,50183729:C:A	12	50183729	50183730	0	0	0	1	0	0	0	0	0	0	0
chrX,67353293:T:C	X	67353293	67353294	1	1	1	1	1	1	1	1	1	1	1
chr8,41837289:C:T	8	41837289	41837290	0	0	0	0	0	0	1	0	0	0	0
chr2,54249312:C:T	2	54249312	54249313	0	0	1	0	0	0	0	0	0	0	0.5
chr9,131070691:T:C	9	131070691	131070692	0	0	0	0.5	0	0	0	0.5	0	0	0
chr11,63475964:C:CT	11	63475964	63475965	0	0.5	0	0	0	0	0	1	0	0	0
chr11,111896976:G:GA	11	111896976	111896977	0	0.5	0.5	0	0.5	0.5	0	0.5	0	0	0
chr22,29152596:A:G	22	29152596	29152597	0	0	0	0	0	0	0	0	0	0	1
chr10,69659821:A:G	10	69659821	69659822	0	0	0	0	0	0	0	0	0	0.5	0
chr11,82733350:T:C	11	82733350	82733351	0	0	0	0.5	0	0	0	0	0	0	0
chr20,33070945:GGCCT:G	20	33070945	33070946	0	0	1	0.5	0	0	0.5	0	0	0.5	0.5
chr7,75346483:G:A	7	75346483	75346484	0.5	0	0	0	0	0	0	0	0	0	0
chr12,117485523:T:C	12	117485523	117485524	0.5	0	0	1	0	0	1	1	0	0	0.5
chr1,153829797:T:C	1	153829797	153829798	0.5	0	0	0	0	0	0	0	0	0	0
chr22,42478385:A:G	22	42478385	42478386	0	0.5	0	0.5	0.5	0	0	0	0.5	0	0
chr13,29248990:A:G	13	29248990	29248991	0	0	0	0	0	0	0	0	0.5	0	0
chr1,46110572:A:G	1	46110572	46110573	0.5	0	1	0	0	0	0.5	1	1	1	0.5
chr9,140465699:T:C	9	140465699	140465700	0	0	0	0	0	0	0	0	0	1	0
chr6,35556312:A:AT	6	35556312	35556313	0	1	0	0	0	0	0	0	0	0	0
chr17,37425262:A:T	17	37425262	37425263	0	0	0	0	0	0	0	1	0	0	0
chrX,55034392:T:C	X	55034392	55034393	0	0	0	0	0	0.5	0	0	0	0	0
chr1,91450859:A:AT	1	91450859	91450860	0	0	0	0	0	0	0	0.5	0	0	0
chr11,76370792:A:G	11	76370792	76370793	0	0	0	1	0	0	0	1	1	0	1
chr5,139597812:T:C	5	139597812	139597813	0	0	0	0	0	0	1	0	0	0	0
chr11,85699467:GA:G	11	85699467	85699468	0	0	0	0	0	0	0	0	0	0	0.5
chr6,57328382:A:G	6	57328382	57328383	0	0	0	0	0	0	0	0	0	0	1
chr11,63967770:C:G	11	63967770	63967771	0	0	0	1	0	0	0	0	0	0	0
chr5,139001971:A:G	5	139001971	139001972	0	0	0	0	0	0	1	0	0	0	0
chr18,46855662:G:C	18	46855662	46855663	0	0	0	0	0	0	0	0	0	0	1
chr1,169669020:G:A	1	169669020	169669021	1	1	1	1	0	0	1	1	0.5	0.5	0.5
chr6,25289037:TA:T	6	25289037	25289038	0	0	0	0	0	0	0.5	0	0	0	0
chr4,154461836:A:G	4	154461836	154461837	0	0	0	0	0	0	0	0	0	0.5	0
chr12,90038003:G:GT	12	90038003	90038004	0	0	0	0	0	0	0	0	0	0.5	0
chr9,7114454:T:C	9	7114454	7114455	0	0	0	0	1	0	0.5	0	0	0	0
chr20,5168701:C:CGTGT	20	5168701	5168702	0	0	0	0.5	0	0	0	0	0	0	0
chr17,74671865:C:CA	17	74671865	74671866	0	1	0	1	0	0	0	0	0	0	0
chr17,36358235:C:A	17	36358235	36358236	0.5	0	0.5	0	0	0	0	0	0	0	0
chr6,44106497:T:C	6	44106497	44106498	1	0	0	0	0	0	0	0	0	0	0
chr9,97961394:G:C	9	97961394	97961395	0	0	0	0	0	0	0	0	0	0	1
chr22,31957167:A:G	22	31957167	31957168	0	0	0.5	0	0	0	0	0	0	0	0
chr21,42827914:A:G	21	42827914	42827915	0	0	0	0	0	0	0	0	0.5	0	0
chr21,38461666:A:T	21	38461666	38461667	1	0	0	0	0	0	0	0	0	0	0
chr1,42393637:C:T	1	42393637	42393638	0	0	0	0	0	1	0	0	0	0	0
chr20,21295509:G:T	20	21295509	21295510	0	0	0	1	0	0	0.5	0	0.5	0	1
chr4,730105:A:G	4	730105	730106	0	0	0	1	0	0	0	0	0	0	0
chr14,65527822:T:A	14	65527822	65527823	0	0	0	0.5	0	0	0	0	0	0	0
chr6,150027135:C:G	6	150027135	150027136	0	0	0	0	0	0	0	0	0	1	0
chr5,94853027:C:CAAG	5	94853027	94853028	0	0	0	0	1	0	0	0	0	0	0
chr3,155894167:A:G	3	155894167	155894168	1	0	1	1	1	0	1	1	1	0	1
chr1,109300168:T:C	1	109300168	109300169	0	0	0	0	0	0	0	0	0	1	0
chr16,3420479:G:C	16	3420479	3420480	0.5	0	1	0	0	0	0	0	0	1	0
chr9,94798053:G:A	9	94798053	94798054	0	0	0	0.5	0	0	0	0	0	0	0
chr6,157146474:A:T	6	157146474	157146475	0	0	0	0	0	0	1	0	0	1	1
chr14,99515409:A:G	14	99515409	99515410	0	0	0	0	0	0	0	0	0	1	0
chr15,31497503:A:G	15	31497503	31497504	0	0	0	0.5	0	0	0	0	0	0	0
chr15,102164126:T:C	15	102164126	102164127	0	0	0	0.5	0	0	0	1	0.5	0.5	0
chr5,137707361:A:T	5	137707361	137707362	0	0	0	0	0	0	0	0.5	0	0	0
chr3,20020516:T:C	3	20020516	20020517	0	0	0	0.5	0	0	0	0	0	0	0
chr14,75533929:C:T	14	75533929	75533930	0	0	0	1	0	0	0	0	0	0	0
chr1,14930:A:G	1	14930	14931	0.5	0.5	0.5	0.5	0.5	0	1	0.5	0.5	0.5	0.5
chr1,142670795:C:A	1	142670795	142670796	0	0	0	0	0	0	0	0	0	0	1
chr7,130760605:C:G	7	130760605	130760606	1	0	1	1	0	0	1	0	1	1	1
chr17,73173266:CA:C	17	73173266	73173267	0	0	0.5	0	0	0	0	0	0	0	0.5
chr12,93780081:A:G	12	93780081	93780082	0	0	0	0	0	0	0.5	0	0	0	0
chr21,15231831:C:A	21	15231831	15231832	0	0	0	0	0	1	0	0	0	0	0
chr15,40832762:T:C	15	40832762	40832763	0	0	0	0	0	0	0	0.5	0	0	0
chr3,120316501:A:C	3	120316501	120316502	0	1	0.5	0	0	0	0	0	0	0	0
chr9,140697937:C:T	9	140697937	140697938	0	0	0	0	0	0	0.5	0	0	0	0
chr5,125783755:G:C	5	125783755	125783756	0	0	0	0	0	0	0	0	0	0	1
chr5,79785691:C:A	5	79785691	79785692	0	0	0	0	0	0	0	0	0	0	1
chr3,156527813:G:C	3	156527813	156527814	0.5	1	1	0.5	1	1	0.5	1	0.5	0.5	0.5
chr17,60080552:AT:A	17	60080552	60080553	0	0	0	0	0	0	0.5	0	0.5	0	0
chr12,69171900:CA:C	12	69171900	69171901	0	0	0	0	0	0	0	0	0	0.5	0
chr11,18633971:G:A	11	18633971	18633972	0.5	0.5	0.5	0.5	1	0	1	0	1	1	1
chr18,12092376:T:C	18	12092376	12092377	1	0	1	1	1	1	1	1	1	1	0
chr1,202874740:C:T	1	202874740	202874741	0.5	0	0	0	0	0	1	0	1	1	1
chr3,183533963:G:A	3	183533963	183533964	0	0	0	0.5	0	0	0	0	0	0	0
chr6,20156174:T:C	6	20156174	20156175	0	0	0	0	0	0	0	0	0	1	0
chr6,32339897:C:T	6	32339897	32339898	0	0	0.5	0	0	0	0	0	0	0	0
chr17,65950290:GT:G	17	65950290	65950291	1	0	1	0	0	0	0	0	0	1	0
chr12,31995722:T:C	12	31995722	31995723	0	0	0	0	0	1	0	0	0	0	0
chr21,45101647:A:G	21	45101647	45101648	0	0	0	0.5	0	0	0	0	0	0	0
chr6,86265451:T:C	6	86265451	86265452	0	0	0	0	0	0	0	0	0	1	0
chr5,8057296:T:C	5	8057296	8057297	0	0	0	1	0	0	0	0	0	0	0
chr1,145645820:G:T	1	145645820	145645821	0	0	1	0	0	0	0	0	1	0	0
chr9,33980751:T:C	9	33980751	33980752	0	0	0	0	0	0	0	0	1	0	0
chr12,47989770:T:C	12	47989770	47989771	0	0	0	0	0	0	0	0.5	0	0	0
chr17,40521213:T:C	17	40521213	40521214	0	0	0	0	0	0	0	0	0.5	0	0
chr5,96241468:A:G	5	96241468	96241469	0	0	0	0.5	0	0	0	0	0	0	0
chr7,144400662:T:C	7	144400662	144400663	1	0	0	0	0	0	0	0	0	0	0
chr4,10090639:C:T	4	10090639	10090640	0	0	0	0	0	0	0	0.5	0	0	0
chr2,10545525:G:C	2	10545525	10545526	0.5	0	0	0	0	0	0	0	0	0	0
chr5,178292516:T:C	5	178292516	178292517	0	0	0	0	0	0	0.5	0	0	0	0
chr22,29200925:A:G	22	29200925	29200926	0	0	0	0	0	0	0.5	0	0	0	0
chr22,26123092:G:C	22	26123092	26123093	0	0	0.5	0	0.5	0	0	0.5	0	0	0
chr20,17612310:A:T	20	17612310	17612311	0	0	0	0	0	0	0	0.5	0	0	0
chr1,16970165:T:G	1	16970165	16970166	0.5	0	0	1	0	0	0	0	0.5	0	0.5
chr6,133058680:T:C	6	133058680	133058681	1	0	0	0	0	0	0	0	0	0	0
chr5,36968871:T:C	5	36968871	36968872	0	0	0	0	0	0	0	0	0	0.5	0
chr13,100035610:A:AG	13	100035610	100035611	0	0	0	0.5	0	0	0	0	0	0	0
chr16,25074779:A:G	16	25074779	25074780	0	0	0	1	0	0	0	0	0	0	0
chr5,175803109:A:G	5	175803109	175803110	0.5	0	0	0	0	0	0	0	0	0	0
chr4,10948742:A:T	4	10948742	10948743	0	0	0	0	0	0	0	0	0	1	0
chr17,11868943:G:A	17	11868943	11868944	0	0	0	0	0	0	0	0	0	0.5	0
chr2,172193078:A:AT	2	172193078	172193079	0	0	0	1	0	0	0	0	0	0	0
chr13,107194635:C:CA	13	107194635	107194636	0	0	0	0	0	0	0	0.5	0	0	0
chr7,101561144:A:G	7	101561144	101561145	0	0	0	0	0	0	0	0	0	0	0.5
chr6,156182312:TC:T	6	156182312	156182313	0	0	0	0	0	0	0	0	0	0.5	0
chr11,72565605:T:C	11	72565605	72565606	0	0	0	0	0	0	0	0	0	0.5	0
chr11,46124820:G:T	11	46124820	46124821	0	0	0	0	0	0	0	0	0	1	1
chr12,32010267:G:A	12	32010267	32010268	0	0	0	0	0	0	0	0	0	1	0
chr14,74026248:A:G	14	74026248	74026249	0	0	0	0	0	0	0	0	1	0	0
chr16,10578398:G:C	16	10578398	10578399	1	0	0	0	0	0	0	0	0	0	0
chr2,230620813:T:C	2	230620813	230620814	0	0	1	0	0	0	0	0	0	0	0
chr17,61913255:A:AT	17	61913255	61913256	0	0	0	0.5	0	0	0	0	0	0	0
chr12,118365943:T:C	12	118365943	118365944	1	0	0	0	0	0	0	0	0	0	0
chr2,54236925:C:A	2	54236925	54236926	1	0	0	0	0	0	0	0	0	0	0
chr2,231031016:G:A	2	231031016	231031017	1	1	1	1	1	1	1	1	1	1	0.5
chr12,90131016:C:T	12	90131016	90131017	0	0	0	0	0	0	0	1	0	0	0
chrX,3742851:T:C	X	3742851	3742852	0.5	0	0	0	0	0	0	0	0	0	0
chr16,4463631:T:C	16	4463631	4463632	0	0	0.5	0	0	0	0	0	0	0	0
chr6,32488072:A:T	6	32488072	32488073	1	1	0	0	0	0	0	0	1	0	0
chr22,38883032:A:G	22	38883032	38883033	0	0.5	0	0	0.5	0	0	0	0	0	0
chr17,43280730:T:C	17	43280730	43280731	0	0	0	0	0	0	0	0	0	0.5	0
chr22,30939352:A:G	22	30939352	30939353	0	0	0	0	0	0	0	0	0	0.5	0
chr7,129670647:T:C	7	129670647	129670648	0	0	0	0	0	0	0	0	0	1	0
chr7,138884696:A:G	7	138884696	138884697	0	0	1	0	0	0	0	0	0	0	0
chr22,21175877:T:TTTTGTTTG	22	21175877	21175878	0	0	0	0	0	0	0	0	0	0.5	0
chr1,176088777:TAC:T	1	176088777	176088778	0	0	1	0	0	0	1	0	0	0	0
chr1,155877769:T:C	1	155877769	155877770	1	0	0.5	0	0	0	1	0	0.5	0.5	0.5
chr2,97829126:C:CTT	2	97829126	97829127	0	0	0	0	0	0	0	0	0	0	0.5
chr19,28249867:T:C	19	28249867	28249868	1	0	1	0.5	0	0	0	1	0	1	1
chr1,161074418:T:C	1	161074418	161074419	0	0	0	0	0	0	0	0	0.5	0	0
chr8,91651541:C:T	8	91651541	91651542	0	0	0	1	0	0	0.5	0	0	0	1
chr12,133668884:T:A	12	133668884	133668885	0	0	0	0.5	0	0	0	0	0	0	0
chr16,12858236:T:C	16	12858236	12858237	0	0	0	0	0	0	0	0	0	0.5	0
chr5,154395480:C:G	5	154395480	154395481	0	1	0	0	0	0	0	0	0	0	0
chr2,216894936:T:C	2	216894936	216894937	1	0	0	0.5	0	0	0	0	0	0	0
chr5,55246984:A:G	5	55246984	55246985	0	0	0	1	0	0	0	0	0	0	0
chr2,122190681:T:C	2	122190681	122190682	0	0	0	0	0	0	1	0	0	0	0
chr6,38730679:A:C	6	38730679	38730680	0	1	0	0	0	0	0	0	0	0	0
chr20,46282399:G:GT	20	46282399	46282400	0	0	0	0	0	0.5	0	0	0	0	0
chr11,71240174:G:A	11	71240174	71240175	0	0	1	0	0	0	0	1	0	0	0
chr12,93284169:T:C	12	93284169	93284170	0	0	0	0	0	0	0.5	0	0	0	0
chr15,44855835:C:CT	15	44855835	44855836	0.5	0.5	0	0.5	0	1	0	0.5	0.5	0	0.5
chr7,157160378:A:G	7	157160378	157160379	0	0.5	0	0	0	0	0	0	0	0	0
chr14,64582350:G:A	14	64582350	64582351	0	0	0	0	0	0	0.5	0	0	0	0
chr3,9460694:A:G	3	9460694	9460695	1	0	0	0	0	0	0	0	0	0	0
chr9,115132709:T:C	9	115132709	115132710	0	0	0.5	0	0	0	0	0	0	0	0
chr6,83826538:T:C	6	83826538	83826539	0	0	1	0	1	0	1	0	1	0	0
chr19,21990865:G:T	19	21990865	21990866	0	0	0	0	0	0	0	0	0	0	0.5
chr3,50073640:T:C	3	50073640	50073641	0.5	0	0.5	0	0	0	0.5	0	0	0	0
chr14,50693949:TTTTC:T	14	50693949	50693950	0	0	0	0	0	0	0	0	0	0.5	0
chr17,62483607:T:C	17	62483607	62483608	0	0	0	0	0	0	0.5	0	0	0	0
chr7,127001147:GT:G	7	127001147	127001148	0	0	0	0	0	0	0	0.5	0	0	0
chr6,166734560:T:C	6	166734560	166734561	0	0	0	0.5	0	1	0.5	0.5	0	0	0
chr14,106967224:G:A	14	106967224	106967225	0	0.5	0	0	0	0	0	0	0	0	0
chr2,202000570:A:G	2	202000570	202000571	0	0	0	0.5	0	0	0	0	0	0	0
chr1,98326799:A:T	1	98326799	98326800	0	0	0	1	0	0	0	0	0	0	0
chr19,5705280:C:G	19	5705280	5705281	0	0	0.5	0	0	0	0.5	0	0	0	0
chr19,4884377:T:C	19	4884377	4884378	0	0	0	0.5	0	0	0	1	0	0	0
chr18,66343530:C:CT	18	66343530	66343531	0	0	0.5	0.5	0	0	0	0	0	0	0
chr10,123542190:G:A	10	123542190	123542191	1	0	0	0	0	0	0	0	0	0	0
chr1,201491984:A:G	1	201491984	201491985	0	0	0	0	0	0	0	0	0	0.5	0
chr12,117469263:A:G	12	117469263	117469264	0	0	0	0.5	0	0	0	0.5	0	0	0
chr19,57139055:G:A	19	57139055	57139056	0	0	0	0	0	0	0	0.5	0	1	0
chr1,15899082:T:C	1	15899082	15899083	0	1	0	0	0	0	0	0	0	0	0
chr1,44346875:G:A	1	44346875	44346876	0	0	0	0	0	0	0	0	0	1	0
chr4,56279581:A:G	4	56279581	56279582	0	0	0	0.5	0	0	0	0	0	0	0
chr11,118071960:G:A	11	118071960	118071961	0	0	0	0	0	0	0	0.5	0	0	0
chr5,49710895:A:G	5	49710895	49710896	0.5	0	0.5	0.5	0	0	0	0.5	0	0.5	0.5
chr14,58689551:C:CT	14	58689551	58689552	0	0	0	0.5	0	0	0	0	0	0	0
chr7,44813104:A:G	7	44813104	44813105	0	1	0.5	0.5	0	0	0	0	0	1	0
chr17,72779172:A:G	17	72779172	72779173	0	0	0	0	0	0	0	0	0.5	0	0
chr2,238614186:A:G	2	238614186	238614187	0	0	0	1	0	0	0	0	0	0	0
chr12,107779485:C:T	12	107779485	107779486	0	0	0	0	0	0	0	0	0	1	0
chr18,9271215:A:G	18	9271215	9271216	0	0	0	1	0	0	0	0	0	0	0
chr11,762791:G:C	11	762791	762792	0.5	0	0	0.5	0	0	0	0.5	0	1	0
chr18,72636089:AT:A	18	72636089	72636090	0	1	0	0	0	0	0	0	0	0	0
chr1,54685258:T:C	1	54685258	54685259	0	0	0	0	0	1	0	1	0	0	1
chr14,105736923:T:C	14	105736923	105736924	0.5	0	0	0	0	0	0	0	0	0	0
chr17,48432749:G:C	17	48432749	48432750	0	0	0	0	0	0	0	0	0	0	0.5
chr13,33296490:T:C	13	33296490	33296491	0	0	0	0	0	0	1	0	0	0	0
chr2,219813859:CA:C	2	219813859	219813860	0	0	0	1	0	0	0	0	0	0	0
chr6,7061847:G:A	6	7061847	7061848	0	1	0	0	0	0	0	0	0	0	0
chr2,99929476:T:C	2	99929476	99929477	0	0	0	0	0	0	0	0	0.5	0	0
chr1,40528599:A:G	1	40528599	40528600	0	0	0	0	0	0	0	0	1	0	0
chr16,21979558:A:G	16	21979558	21979559	0	0	0	0	0	0	0	0	0.5	0	0
chr3,107521327:T:C	3	107521327	107521328	1	0	1	0	0	0	1	1	0	1	0
chr12,112476554:T:C	12	112476554	112476555	0	0	0	0	0	0	0	0	0.5	0	0
chr15,43297857:T:C	15	43297857	43297858	0	0	0	0	0	0	0	0	1	0	1
chr14,62214783:C:CT	14	62214783	62214784	0.5	0	0	0.5	0	0	0	0	0	0	0
chr16,22504746:A:G	16	22504746	22504747	0.5	0	0.5	0	0	0	0	1	0.5	0.5	0.5
chr5,172359509:G:T	5	172359509	172359510	0	0	0	0	0	0.5	0	0	0	0	0
chr9,107603722:AAAAAAG:A	9	107603722	107603723	0	0	0	0	0	0	0.5	0	0	0	0
chr5,68399022:A:T	5	68399022	68399023	0	0	0	0.5	0	0	0	0	0	0	0
chr9,86526200:C:T	9	86526200	86526201	0	0	0	0	0	0	0	0	0	1	0
chr9,136637476:A:G	9	136637476	136637477	0	0	1	1	0	0	1	1	1	0	0
chr17,57934296:C:CA	17	57934296	57934297	0	0	0	0	0	0	0	0	0	0	0.5
chr2,47002469:A:G	2	47002469	47002470	0	0	0	1	0	0	0	0	0	0	0
chr14,39616211:G:GT	14	39616211	39616212	0	0	0	0	0	0	0	0	0	1	0
chr7,99618194:A:G	7	99618194	99618195	0	0	0	1	0	0	0.5	1	1	0	0.5
chr11,134127296:A:G	11	134127296	134127297	0	0	0	1	0	0	0	0	0	0	0
chr1,2219439:T:G	1	2219439	2219440	0	0	0	1	0	0	1	0	0.5	0.5	0
chr21,37596845:TG:T	21	37596845	37596846	0	0	0	0	0	0	1	0	0	0	0
chr12,117280960:A:C	12	117280960	117280961	0	0	0	0.5	0	0	0	0	0	0	0
chr6,158992802:A:G	6	158992802	158992803	0	0	0	0	0	0	0	1	0	0	0
chr9,130833056:A:G	9	130833056	130833057	0	0	0	0	0	0	0	0	0.5	0	0
chr15,64629391:T:A	15	64629391	64629392	0	0	0	0	0	0	0	0	0	0	0.5
chr1,46759521:T:C	1	46759521	46759522	0	0	0	0	0	0	0	0	0.5	0	0
chr19,2655292:C:T	19	2655292	2655293	0	0	0	0	0	0	0	0	0	0.5	0
chr12,83865:T:C	12	83865	83866	0.5	1	0.5	0.5	0	1	0.5	0.5	0.5	0.5	0.5
chr1,213049005:A:G	1	213049005	213049006	0	0	0	0	0	0	0	0	0.5	0	0
chr19,45253611:ATTGGC:A	19	45253611	45253612	0	0	0	0	0	0	0.5	0	0	0	0
chr19,18232754:G:T	19	18232754	18232755	0	0	0.5	0	0	0	0	0	1	0	0
chr5,53300052:T:C	5	53300052	53300053	1	0	0	0	0	0	0	0	0	0	0
chr20,30989634:C:G	20	30989634	30989635	0	0	0	0	0	0	0	0	0	0.5	0
chr3,10319623:C:T	3	10319623	10319624	0.5	0	0	0	0	0	0	0	0	0	0
chr3,99944638:A:C	3	99944638	99944639	0	0	0	0	0	0	1	0	0	0	0
chr1,169078990:G:C	1	169078990	169078991	0	0	0	0	0	0	1	0	0	0	0
chr16,69941203:A:T	16	69941203	69941204	0	0	0	0	0	0	0.5	0	0	0	0
chr18,33754890:A:G	18	33754890	33754891	0.5	0	0	0	0	0	0	0	0	0	0
chr9,127022266:G:T	9	127022266	127022267	0	0	0	0	0	0	0	0	0	0	1
chr9,82988782:T:C	9	82988782	82988783	0.5	0	0.5	1	0.5	0	1	0	0	1	0.5
chr1,1762217:T:C	1	1762217	1762218	0	0	0	0	0	0	0.5	0	1	0	0
chr13,42346375:T:A	13	42346375	42346376	0	0	0	0	0	0	1	0	0	0	0
chr4,3408934:G:A	4	3408934	3408935	0	0	0	0	0	0	0	0	0	1	0
chr7,102044416:A:T	7	102044416	102044417	0	0	0	0.5	0	0	0	0	0	0	0
chr3,186656930:A:G	3	186656930	186656931	0.5	0	0	0	0	0	0	0	0	0	0
chr22,42192899:A:G	22	42192899	42192900	0.5	0	0	0	0	0	0	1	0.5	0	0
chr2,32873922:T:A	2	32873922	32873923	0	0	0	0	0	0	0	0	0	0	0.5
chr22,39420612:T:C	22	39420612	39420613	0.5	0	1	1	0	0	0.5	0	0	0.5	0.5
chr2,105711663:G:A	2	105711663	105711664	0.5	0	0	0	0	0	0	0	0	0	0
chr20,17605240:A:T	20	17605240	17605241	1	1	1	1	1	1	1	1	1	1	1
chr4,90120481:A:G	4	90120481	90120482	1	0	0	0	0	0	0	0	0	0	0
chr7,138767935:T:TA	7	138767935	138767936	0	0	0	0.5	0	0	0	0	0.5	0	0
chr14,91817976:A:C	14	91817976	91817977	0	0	0.5	0	0	0	0	0	0	0	0
chr14,91795030:G:A	14	91795030	91795031	0.5	0	0	0	0	0	1	0	1	0	1
chr2,100327115:C:CT	2	100327115	100327116	0.5	0	0	0	0	0	0	0	0	0	0
chr5,65273877:A:G	5	65273877	65273878	0	0	0	0	0	0	0	0	0.5	0	0
chr8,31817303:T:TTTA	8	31817303	31817304	1	0	0	0	0	0	0	0	0	0	0
chr14,51135384:TTC:T	14	51135384	51135385	1	0.5	1	1	0	0	0	0	0	0.5	1
chr6,90801999:T:TA	6	90801999	90802000	0	0	0	0	0	0	0	0	0	1	0
chr1,228587351:A:G	1	228587351	228587352	0	0	0	0	0	0	0	0	0.5	0	0
chr20,33926103:C:G	20	33926103	33926104	1	0	0.5	0	0	0	0.5	0.5	0	0.5	0
chr15,86253684:A:C	15	86253684	86253685	0	0	0	0.5	0	0	0.5	0	0	0	0
chr3,93847013:A:G	3	93847013	93847014	0	0	0.5	0	0	0	0	0.5	0	0	0
chr14,103921800:A:G	14	103921800	103921801	0	0	0	0	0	0	0	0	0	0.5	0
chr17,45190361:T:C	17	45190361	45190362	0	0	0	0	0.5	0	0	0	0	0	0
chr15,41649647:C:CT	15	41649647	41649648	0	0	0	1	0	0	0	0	0	0	0
chr3,185865617:A:T	3	185865617	185865618	1	0	0	0	0.5	0.5	0.5	0	0	0.5	1
chr12,65143009:G:A	12	65143009	65143010	0	0	0	0	0	0	0	0	0	1	0
chr16,66580097:T:C	16	66580097	66580098	0	0	0	0.5	0	0	0	0	0	0	0
chr8,56836106:CT:C	8	56836106	56836107	0.5	0	0	0	0	0	0	0	0	0	0
chr10,27535305:A:T	10	27535305	27535306	0	1	0	1	1	1	0	1	1	0	0
chr1,193034589:CA:C	1	193034589	193034590	0	0	0	0	0	0	0	0	0.5	0	0
chr7,30193624:G:A	7	30193624	30193625	0	0	0	0	0	0	0	1	0	0	0
chr1,150655904:C:T	1	150655904	150655905	0	0	0	0	0	0	0	0	0	0.5	0
chr8,96259224:A:T	8	96259224	96259225	0	0	0	0	0	0	0	0	0	0.5	0
chr8,10659648:G:GA	8	10659648	10659649	0	0	1	0	0	0	0	0	0	0	0
chr3,58200354:A:G	3	58200354	58200355	0	0	0	0.5	0	0	0	0	0	0	0
chr19,52733952:T:C	19	52733952	52733953	0	0	0	1	0	0	0	0	0	0	0
chr9,74590654:A:G	9	74590654	74590655	0	0	0	0	0	0	0	1	0	0	0
chr17,4724151:A:G	17	4724151	4724152	0	0	0	0	0	0	0	1	0	0	0
chr17,49290492:T:C	17	49290492	49290493	0	0	0	0	0	0	0.5	0	0	0	0
chr6,29911086:T:C	6	29911086	29911087	0	0.5	0.5	0.5	0	0.5	0	0.5	0.5	0	0.5
chr4,74951930:C:T	4	74951930	74951931	0	0	0	0	0	0	0	0	0	0.5	0
chr17,4199618:T:C	17	4199618	4199619	0	0	0.5	0	0	0	0	0	0	0	0
chr17,45053654:T:C	17	45053654	45053655	0	0	0	0	0	0	0	0.5	0	0	0
chr3,128886264:G:A	3	128886264	128886265	0.5	0	1	1	0	0	1	0	1	1	1
chr15,73028970:T:A	15	73028970	73028971	0	0	0	0	0.5	0	0	0	0	0	0
chr13,44449368:G:C	13	44449368	44449369	1	0	0	1	0	0	0	0	0	0	0
chr7,55442575:A:G	7	55442575	55442576	0	0	0	0.5	0	0	0	0	0	0	0
chr11,781076:C:T	11	781076	781077	0.5	1	1	0.5	0	0	0	0.5	0	1	0
chr15,41132057:T:C	15	41132057	41132058	0	0	0	0	0	0	0	0	0	0.5	0
chr14,64436598:T:C	14	64436598	64436599	0	0	0	0	0	0	1	0	0	0	0
chr7,74299234:T:C	7	74299234	74299235	0	0.5	0	0	0	0	0	0	0	0	0
chr5,96250986:T:C	5	96250986	96250987	0	0	0	1	0	0	0	0	0	0	0
chr1,207508950:A:T	1	207508950	207508951	0	0	0	0	0	0	0.5	1	1	0	1
chr4,185254719:G:C	4	185254719	185254720	1	0	0	0	0	0	0	0	0	0	0
chr9,35700837:C:T	9	35700837	35700838	0	0	0	0	0	0	1	1	1	1	0
chr21,9945936:T:C	21	9945936	9945937	0	0	0	0	0	0	0	0.5	0	0	0
chr15,34318335:T:A	15	34318335	34318336	0	0	0	0	0	0	0	0	0	1	0
chr6,41981578:G:A	6	41981578	41981579	0	0	0.5	0	0	0	0	0	0	0	0
chr7,44648881:A:G	7	44648881	44648882	0	0	0	0	0	0	0	0	1	0	0
chr16,16234549:A:G	16	16234549	16234550	0	0	0	0.5	0	0	0	0.5	0	0	0
chr1,145694009:A:G	1	145694009	145694010	0	0	0	0	0	0	0	0	0	0.5	0
chr18,55326439:T:G	18	55326439	55326440	0	0	0	0	0	0	0.5	0	0	0	0
chr16,19558833:A:G	16	19558833	19558834	0.5	0	0	0	0	0	0	0	0	0	0
chr2,175262010:C:T	2	175262010	175262011	0	0	0.5	0.5	0	1	0	1	0	0	0
chr11,65207141:TA:T	11	65207141	65207142	0	0	0	0	0	0	0	0	0	0.5	0
chr1,203783584:A:G	1	203783584	203783585	0	0	0	0	0	0	0	0	0.5	0.5	0
chr16,67625076:A:G	16	67625076	67625077	0	0	0	0	0	0	0	0	0.5	0	0
chr1,46770841:A:G	1	46770841	46770842	0	0	0	0.5	0	0	0	0.5	0.5	0	0
chr1,167532605:A:G	1	167532605	167532606	0	0	0	1	0	0	0	0	0	0	0
chr22,22712361:A:T	22	22712361	22712362	0	0	0	0.5	0	0	0	0	0	0	0
chr6,32632523:A:G	6	32632523	32632524	0	0	1	0	1	0	0	1	0	0.5	1
chr1,160965376:T:C	1	160965376	160965377	0	0	0	1	0	0	0	0	0	0	0
chr17,35896640:G:GT	17	35896640	35896641	0	0	0	0.5	0	0	0	0	0	0	0
chr5,37521519:TA:T	5	37521519	37521520	0	0	0	1	0	0	0	0	0	0	0
chr7,130570194:CAAGA:C	7	130570194	130570195	0.5	0	0	0	0	0	0	0	0	0	1
chr3,172373255:T:C	3	172373255	172373256	0	0	0	0	0	0	0	0	0	1	0
chrX,120003287:A:G	X	120003287	120003288	1	1	1	1	1	1	0	1	0	1	0
chr8,124363714:T:TA	8	124363714	124363715	0	0	0	0.5	0	0	0	0	0	0	0
chr19,7549449:A:G	19	7549449	7549450	0	0	0	0	0	0	0	0	0	0	0.5
chr2,98403551:T:C	2	98403551	98403552	0	0	0	0	0	0	0	0.5	0	0	0
chr1,220151644:G:A	1	220151644	220151645	0	0	0	0	0	0	0	1	0	0	0
chr10,74889104:T:C	10	74889104	74889105	0.5	0	0	0	0	0	0	0	0	0	0
chr13,81403712:T:C	13	81403712	81403713	0	0	0	1	0	0	0	1	0	1	1
chr14,93022925:A:T	14	93022925	93022926	0	0	0	0	0	0	0	0	0	0.5	0
chr17,43104597:T:C	17	43104597	43104598	0	0	0	0	0	0	0	0	1	0	0
chr9,117192230:A:G	9	117192230	117192231	1	0	1	0	0	0	1	1	0	1	1
chr16,75507907:T:C	16	75507907	75507908	0	0	0	1	0	0	0	0	0	0	0
chr1,67434602:C:T	1	67434602	67434603	1	0	0	0.5	0	0	0	0.5	0.5	0	0
chr12,46944134:T:G	12	46944134	46944135	0	0	1	0	0	0	0	0	0	0	0
chr7,99000383:T:C	7	99000383	99000384	0	0	0	0	0	0	0	0.5	0	0	0.5
chr16,2803956:C:T	16	2803956	2803957	1	1	1	1	0	0	1	1	1	1	1
chr14,81951273:T:C	14	81951273	81951274	0	0	0	0	1	0	0	0	0	0	0
chr5,115501700:G:A	5	115501700	115501701	0	0	0	0	0	0	1	0	0	1	0
chr2,55532739:T:C	2	55532739	55532740	0	0	0	0	0	0	0	0.5	0	0	0
chr14,103311145:A:G	14	103311145	103311146	0	0	0	0	0	0	0	0	0	1	0
chr9,132634143:A:G	9	132634143	132634144	0	0	0	0	0	0	0	0	0	0	1
chr10,70750148:C:G	10	70750148	70750149	1	0	0	0	0	0	0	0	0	0	0
chr16,74346033:T:C	16	74346033	74346034	0	0	0	0.5	0	0	0	0.5	0.5	0.5	0
chr19,40779382:CT:C	19	40779382	40779383	0.5	0	0	0.5	0	0	0.5	0.5	0	0	0
chr1,16932863:T:C	1	16932863	16932864	1	1	1	1	0	0	0	1	0	1	1
chr10,116191174:A:G	10	116191174	116191175	0.5	1	0.5	0.5	1	1	1	1	1	1	1
chr19,1590505:T:C	19	1590505	1590506	0	1	0	0.5	0	1	0	0.5	0.5	0.5	0
chr17,42538754:T:A	17	42538754	42538755	0	0	0	0	0	0	0	0	0.5	0	0
chr22,20120481:CA:C	22	20120481	20120482	0	0	0	0	0	0	0	0	0.5	0	0
chr1,11080928:A:G	1	11080928	11080929	0	0.5	0	0.5	0	0	0.5	0.5	0.5	0.5	0
chr15,35385068:C:T	15	35385068	35385069	1	1	1	1	1	1	1	1	1	1	1
chr10,45981901:A:G	10	45981901	45981902	1	0	0	0	0	0	0	0	0	0	0
chr16,88491238:A:G	16	88491238	88491239	0	0	0	0.5	0	0	0	0	0	0	0
chr14,61792419:T:C	14	61792419	61792420	0	0	0	0	0	0	0	0	1	0	0
chr2,10866041:A:G	2	10866041	10866042	0	0	0	0	0	0	0	0	0.5	0	0
chr3,125225188:C:CT	3	125225188	125225189	0	0	0	0	0	0	0.5	0	0	0	0
chr14,69527954:T:C	14	69527954	69527955	0	0	0	0.5	0	0	0	0	0	0	0
chr8,59338680:T:C	8	59338680	59338681	0	0	0	0	0	0	1	1	0	0	0
chr14,52424435:A:T	14	52424435	52424436	0	0	0	0	0	0	0	0.5	0	0	0
chr12,56840950:T:C	12	56840950	56840951	0	0	0	0	0	0	0	0	0	1	0
chr13,25024211:G:A	13	25024211	25024212	0	0.5	0	0	0	0	0.5	0	0	0	0
chr6,10809807:T:C	6	10809807	10809808	0	0	0	0	0	0	0	1	0	0	0
chr8,25110425:A:G	8	25110425	25110426	0	0	0	0	0	0	0	0	0	0.5	0
chr6,30564156:T:C	6	30564156	30564157	0	0	0	0	0	0	0	0	0.5	0	0
chr2,231621380:A:G	2	231621380	231621381	0	0	0	0	0	0	1	0	0	0	0
chr2,12598063:C:CAG	2	12598063	12598064	1	0	0	0	0	0	0	0	0	0	0
chr3,56670164:T:A	3	56670164	56670165	0	0	0	0.5	0	0	0	0	0	0	0
chr10,3530108:C:T	10	3530108	3530109	0	0	0	0	0	0	0	1	0	0	0
chr2,128005719:A:G	2	128005719	128005720	0	1	0.5	1	1	1	0	1	0	0	0
chr22,21980275:A:G	22	21980275	21980276	0	0	0	0	0	0	0	0.5	0	0	0
chr11,122776995:A:G	11	122776995	122776996	0	0	0	1	0	0	0	0	0	0	0
chr6,57338219:C:A	6	57338219	57338220	0	0	0	0	0	0	0	0	0	0	1
chr19,9844998:T:C	19	9844998	9844999	0	0	0	0.5	0	0	0	0	0	0	0
chr13,21233535:A:G	13	21233535	21233536	1	0	1	0	0	0	0	0	0	0	0
chr7,102303855:T:C	7	102303855	102303856	1	0	0	0	0	0	0	0	0	0	0
chr16,23585468:CT:C	16	23585468	23585469	0	0	0	0	0	0	0	0	0	0.5	0
chr16,29357929:A:G	16	29357929	29357930	0	0	0	0	0	0	0	0	0.5	0	0
chr3,183520217:T:C	3	183520217	183520218	0	0	0	0	0	0	0.5	0.5	0	0	0
chr22,40752919:A:G	22	40752919	40752920	0	0	0.5	0	0	0	0	0	0	0	0
chr8,11986849:C:T	8	11986849	11986850	0	0	0	0	0	0	0	0	0	1	0
chr3,43773177:A:G	3	43773177	43773178	0	0	0	1	0	0	0	0	0	0	0
chr5,53843527:T:C	5	53843527	53843528	0	0	0	0	0	0	0	1	0.5	0	0
chr6,13290138:C:CT	6	13290138	13290139	0	0	0	0	0.5	0	0	0	0	0	0
chr20,3259230:T:C	20	3259230	3259231	0	0	0	0	0	0	0	0	1	0	0
chr9,117115738:T:C	9	117115738	117115739	0	0	0	0	0	0	0	0	0.5	0	0
chr1,243744904:G:A	1	243744904	243744905	0	0	0	0	0	0	1	0	0	0	0
chr16,12655555:A:T	16	12655555	12655556	0	0	0	0.5	0	0	0	0	0	0	0
chr5,7873585:C:G	5	7873585	7873586	0	0	0.5	0	0	0	0	0	0	0	0
chr12,123812629:G:C	12	123812629	123812630	1	0	1	1	0	0	1	0	1	1	0.5
chr11,47183793:T:C	11	47183793	47183794	0	0	0	0	0	1	0	0	0	0	0
chr1,167610808:A:G	1	167610808	167610809	0	0	0	0	0.5	0.5	0	0	0	0.5	0
chr6,7884291:C:T	6	7884291	7884292	0	0	0	0	0	0	0	0	0	0.5	0
chr4,15257488:T:C	4	15257488	15257489	0	1	0	0	0	0	0	0	0	0	0
chr4,10550153:G:T	4	10550153	10550154	1	0	1	0.5	1	0	1	0.5	1	0.5	0.5
chr9,68682048:CT:C	9	68682048	68682049	0.5	0	0	0	0	0	0	0	0	0	0
chr7,76942959:G:A	7	76942959	76942960	0.5	0	0.5	0.5	0	0	0	0.5	1	0	0
chr5,175363038:A:G	5	175363038	175363039	0	0	0.5	0	0	0	0	0	0	0.5	0
chr17,19371111:A:G	17	19371111	19371112	0	0	0	0.5	0	0	0	0	0	0	0
chr7,131170110:A:T	7	131170110	131170111	0	0	0	0	0	1	0	0	0	0	0
chr18,60942467:C:CAA	18	60942467	60942468	0	0	0	0	0	0	0	0	0	0	0.5
chr22,50519874:T:A	22	50519874	50519875	0	0	0	0.5	0	0	0	0	0	0	0
chr14,105806255:A:G	14	105806255	105806256	0	0	0	0	0	0	0	0	0	0	0.5
chr14,63905622:T:A	14	63905622	63905623	0	0	0	0	0	0	0	1	0	0	0
chr7,157001161:A:G	7	157001161	157001162	0	0	0	0	0	0	0.5	0	0	0	0
chr6,38410716:T:C	6	38410716	38410717	0	0	0	0	0	0	0	0	1	0	0
chr3,114368695:C:T	3	114368695	114368696	0	0	0	0	0	0	0.5	0	0	0	0
chr16,11850169:C:CT	16	11850169	11850170	0	0	0	0	0	0.5	0	0	0	0	0
chr16,33957368:A:C	16	33957368	33957369	0	0	0	0	0	0	1	0	0	0	0
chr6,36670941:C:T	6	36670941	36670942	0	0	0	1	0	0	0	0	0	0	0
chr11,8012284:A:T	11	8012284	8012285	0.5	0	0	0.5	0	0	0.5	0.5	0.5	0.5	1
chr4,37960396:T:C	4	37960396	37960397	1	0	0	0	0	0	0.5	0	0	0	0
chr1,117630875:G:C	1	117630875	117630876	1	0	1	0	0	0	1	0	1	1	0
chr16,50821999:C:T	16	50821999	50822000	0	0	0	0	0	0	0	0	0	0.5	0
chr19,49485758:C:T	19	49485758	49485759	1	0	0	0	0	0	0	0	0	0	0.5
chr1,144930802:T:G	1	144930802	144930803	0	0	0	0	0	0.5	0	0	0	0.5	0
chr2,15593035:T:C	2	15593035	15593036	0	0	0	0	0	0	1	0	0	0	1
chrX,70689083:A:G	X	70689083	70689084	0	0	0	0	0	0	0	0	0	0.5	0
chr2,201916824:T:C	2	201916824	201916825	0	0	0	1	0	0	0	0	0	0	0
chr2,71412707:G:A	2	71412707	71412708	0	0	0	0	0	0	0	0.5	0	0	0
chr16,90227491:A:G	16	90227491	90227492	0	0	0	1	0	0	0	0	0	0	0
chr20,50019016:G:GA	20	50019016	50019017	0	0	0	0	0	0	1	0	0	1	1
chr8,66644203:ATTAT:A	8	66644203	66644204	0	0.5	0	0	0	0	0	0	0	0	0
chr11,9765511:A:AT	11	9765511	9765512	1	0	0	0	0	0	0	0	0	0	0
chr5,140035817:A:G	5	140035817	140035818	0	0	0	0	0	0	0	0	0.5	0	0
chr6,30535254:A:G	6	30535254	30535255	0	0	0	0	0	0	0	0	1	0	0
chr5,43149519:G:A	5	43149519	43149520	0	0	0	0	0	0	1	0	1	1	1
chr7,110761727:G:C	7	110761727	110761728	0	0	0	1	0	0	0	0	0	0	0
chr4,100769318:G:GT	4	100769318	100769319	0	0	0	0.5	0	0	0	0	0	0	0
